10 0.1728515625 0.087158203125 0.01953125 0.06591796875
25 0.194580078125 0.081298828125 0.019775390625 0.06982421875
25 0.458984375 0.257080078125 0.0322265625 0.085205078125
11 0.628173828125 0.26318359375 0.03466796875 0.09423828125
28 0.697265625 0.263671875 0.029541015625 0.080322265625
9 0.389892578125 0.5546875 0.03125 0.076171875
1 0.79931640625 0.269775390625 0.01904296875 0.09033203125
29 0.38916015625 0.256103515625 0.029541015625 0.09912109375
1 0.30810546875 0.553466796875 0.0263671875 0.07373046875
1 0.31982421875 0.65673828125 0.0283203125 0.0791015625
8 0.358154296875 0.655517578125 0.037353515625 0.0732421875
0 0.442626953125 0.66259765625 0.032470703125 0.080810546875
8 0.70068359375 0.578857421875 0.0361328125 0.088623046875
2 0.580078125 0.556640625 0.035888671875 0.0869140625
0 0.620361328125 0.564208984375 0.03125 0.085205078125
12 0.594970703125 0.262451171875 0.02490234375 0.08642578125
12 0.32080078125 0.252685546875 0.02392578125 0.10107421875
10 0.353759765625 0.256591796875 0.02880859375 0.10009765625
10 0.426025390625 0.259521484375 0.0341796875 0.095703125
6 0.493408203125 0.25537109375 0.031494140625 0.101318359375
7 0.8330078125 0.27197265625 0.0244140625 0.098388671875
7 0.867919921875 0.266357421875 0.029541015625 0.0888671875
6 0.230712890625 0.0859375 0.0166015625 0.075439453125