10 0.171875 0.083740234375 0.01904296875 0.080810546875
10 0.427490234375 0.25634765625 0.031982421875 0.09228515625
25 0.457763671875 0.254638671875 0.031494140625 0.098388671875
25 0.193359375 0.082275390625 0.023681640625 0.0810546875
6 0.230224609375 0.08251953125 0.019287109375 0.078125
12 0.3212890625 0.251220703125 0.032958984375 0.08837890625
12 0.59765625 0.2626953125 0.0283203125 0.09912109375
11 0.631591796875 0.26220703125 0.026611328125 0.0947265625
28 0.6962890625 0.26806640625 0.0263671875 0.08837890625
7 0.830322265625 0.268798828125 0.02685546875 0.086669921875
29 0.389892578125 0.25048828125 0.032958984375 0.093017578125
10 0.35595703125 0.25146484375 0.02978515625 0.107666015625
6 0.494384765625 0.254150390625 0.03466796875 0.097900390625
2 0.6640625 0.265380859375 0.031982421875 0.096435546875
7 0.866455078125 0.2705078125 0.02001953125 0.101318359375
1 0.80126953125 0.267333984375 0.02197265625 0.084228515625