10 0.273193359375 0.227783203125 0.052734375 0.16259765625
0 0.3271484375 0.249755859375 0.05322265625 0.13671875
2 0.429443359375 0.26953125 0.044677734375 0.1259765625
12 0.509765625 0.260009765625 0.045166015625 0.155517578125
11 0.5751953125 0.25830078125 0.046630859375 0.15185546875
30 0.632568359375 0.27490234375 0.05078125 0.156494140625
4 0.445068359375 0.45166015625 0.040771484375 0.1259765625
6 0.499267578125 0.46337890625 0.0478515625 0.124267578125
23 0.571533203125 0.46240234375 0.05322265625 0.143798828125
5 0.334716796875 0.435791015625 0.053466796875 0.12841796875
5 0.2734375 0.4306640625 0.0498046875 0.125732421875
12 0.383544921875 0.258056640625 0.04248046875 0.137451171875