23 0.572509765625 0.466064453125 0.052001953125 0.140380859375
12 0.509765625 0.255859375 0.048828125 0.1552734375
11 0.57373046875 0.259765625 0.046630859375 0.15576171875
30 0.632568359375 0.281494140625 0.052001953125 0.15283203125
10 0.273193359375 0.229248046875 0.056884765625 0.156982421875
0 0.385986328125 0.256103515625 0.048095703125 0.127197265625
5 0.33349609375 0.437255859375 0.055419921875 0.121826171875
4 0.446044921875 0.451416015625 0.0400390625 0.12744140625
2 0.4296875 0.269775390625 0.04296875 0.1259765625
6 0.500244140625 0.46533203125 0.0458984375 0.11083984375
5 0.27294921875 0.4326171875 0.052001953125 0.126708984375