10 0.171630859375 0.083740234375 0.0234375 0.08984375
25 0.193359375 0.08154296875 0.02001953125 0.077392578125
6 0.230224609375 0.084228515625 0.019287109375 0.072021484375
0 0.270751953125 0.086181640625 0.02294921875 0.076416015625
0 0.525390625 0.255126953125 0.033447265625 0.1025390625
12 0.320068359375 0.249267578125 0.02880859375 0.101318359375
10 0.35546875 0.25146484375 0.030029296875 0.099365234375
10 0.423583984375 0.257080078125 0.03125 0.09619140625
29 0.3896484375 0.249755859375 0.025390625 0.092041015625
25 0.459228515625 0.256591796875 0.03173828125 0.09521484375
6 0.4931640625 0.2529296875 0.027587890625 0.098388671875
12 0.594482421875 0.25830078125 0.0283203125 0.1044921875
11 0.629150390625 0.2607421875 0.027099609375 0.09521484375
2 0.66259765625 0.2607421875 0.027099609375 0.101318359375
28 0.6953125 0.267578125 0.027587890625 0.093994140625
1 0.79833984375 0.270751953125 0.021728515625 0.092041015625
7 0.83203125 0.26806640625 0.0283203125 0.09716796875
7 0.866455078125 0.269287109375 0.030029296875 0.09716796875
1 0.307861328125 0.553955078125 0.03125 0.083740234375
2 0.348388671875 0.5556640625 0.03466796875 0.084716796875
2 0.58154296875 0.558837890625 0.0341796875 0.084716796875
9 0.391845703125 0.55615234375 0.039306640625 0.083740234375
8 0.703369140625 0.582763671875 0.03173828125 0.084716796875
0 0.44287109375 0.663330078125 0.0400390625 0.08056640625
8 0.358154296875 0.65380859375 0.03759765625 0.08056640625
1 0.401611328125 0.658447265625 0.0185546875 0.072265625