25 0.458984375 0.2548828125 0.031005859375 0.096923828125
25 0.194091796875 0.08251953125 0.025390625 0.072509765625
11 0.629150390625 0.265380859375 0.030029296875 0.086181640625
28 0.696533203125 0.26904296875 0.025390625 0.09130859375
1 0.3076171875 0.5537109375 0.021728515625 0.086181640625
1 0.316650390625 0.654296875 0.02294921875 0.07421875
1 0.401123046875 0.66357421875 0.018310546875 0.083740234375
0 0.442138671875 0.662109375 0.03515625 0.0712890625
0 0.484375 0.65966796875 0.034912109375 0.07470703125
9 0.391357421875 0.557861328125 0.033447265625 0.078857421875
2 0.350341796875 0.560791015625 0.031005859375 0.078125
2 0.582275390625 0.556640625 0.032470703125 0.07861328125
8 0.360107421875 0.659912109375 0.031494140625 0.076416015625
0 0.658935546875 0.562255859375 0.03515625 0.078369140625
8 0.70263671875 0.57666015625 0.03515625 0.078125
10 0.172607421875 0.083984375 0.02099609375 0.07568359375
6 0.230224609375 0.083984375 0.021484375 0.0712890625
6 0.491455078125 0.256591796875 0.031494140625 0.0966796875
29 0.38671875 0.25537109375 0.032958984375 0.08984375
10 0.352294921875 0.25341796875 0.03173828125 0.09033203125
10 0.423583984375 0.255126953125 0.033203125 0.087890625
12 0.3193359375 0.2509765625 0.028564453125 0.08544921875
0 0.270751953125 0.0859375 0.023193359375 0.075439453125
0 0.25048828125 0.08447265625 0.01953125 0.071044921875
0 0.5263671875 0.25634765625 0.027099609375 0.0888671875
0 0.56103515625 0.25537109375 0.02978515625 0.087158203125
12 0.594482421875 0.25732421875 0.022705078125 0.09521484375
2 0.6611328125 0.26416015625 0.0263671875 0.095703125
0 0.73046875 0.26611328125 0.0283203125 0.09521484375
1 0.800048828125 0.2705078125 0.013916015625 0.10546875
7 0.83203125 0.267822265625 0.02783203125 0.089599609375
7 0.867431640625 0.27099609375 0.027099609375 0.09033203125