34 0.343017578125 0.310791015625 0.047119140625 0.0810546875
33 0.392578125 0.309326171875 0.05322265625 0.083740234375
17 0.445068359375 0.3076171875 0.0498046875 0.0888671875
1 0.540283203125 0.30859375 0.02880859375 0.07958984375
3 0.592529296875 0.307861328125 0.048828125 0.07666015625
0 0.648193359375 0.306884765625 0.044921875 0.080322265625
4 0.563720703125 0.49169921875 0.040771484375 0.072265625
4 0.864501953125 0.48388671875 0.027587890625 0.070068359375
3 0.75244140625 0.48876953125 0.04345703125 0.071533203125
3 0.44921875 0.494140625 0.041748046875 0.074462890625
2 0.599609375 0.59326171875 0.051025390625 0.0888671875
8 0.728271484375 0.58984375 0.057373046875 0.091064453125
1 0.658935546875 0.590576171875 0.027587890625 0.0859375
0 0.536376953125 0.59326171875 0.056396484375 0.084228515625