34 0.341796875 0.31494140625 0.042724609375 0.07763671875
33 0.39208984375 0.30859375 0.048828125 0.095458984375
17 0.444580078125 0.31396484375 0.048583984375 0.09130859375
1 0.54150390625 0.31005859375 0.023681640625 0.09033203125
1 0.6611328125 0.5927734375 0.02978515625 0.09521484375
8 0.728271484375 0.591796875 0.055419921875 0.088623046875
3 0.595703125 0.309326171875 0.041748046875 0.090576171875
3 0.752197265625 0.487548828125 0.041015625 0.06640625
3 0.448486328125 0.49658203125 0.0439453125 0.07568359375
4 0.562744140625 0.49072265625 0.0400390625 0.081787109375
4 0.8701171875 0.484375 0.044921875 0.067626953125
0 0.537109375 0.592529296875 0.05419921875 0.077880859375
2 0.601806640625 0.59326171875 0.053955078125 0.085693359375
0 0.52392578125 0.4921875 0.043701171875 0.070068359375