34 0.34326171875 0.307861328125 0.04248046875 0.073486328125
33 0.391845703125 0.310546875 0.0498046875 0.08251953125
17 0.445068359375 0.311767578125 0.048095703125 0.097412109375
4 0.563720703125 0.49169921875 0.039794921875 0.0703125
3 0.4482421875 0.4951171875 0.03759765625 0.071533203125
8 0.725341796875 0.588134765625 0.0546875 0.08203125
3 0.59228515625 0.30810546875 0.045654296875 0.084716796875
3 0.7529296875 0.48583984375 0.04150390625 0.065673828125
2 0.603271484375 0.594970703125 0.060302734375 0.087890625
1 0.6591796875 0.591796875 0.03515625 0.0869140625
0 0.521484375 0.488525390625 0.046630859375 0.086181640625
4 0.865234375 0.483642578125 0.0390625 0.068603515625
1 0.54052734375 0.303955078125 0.031982421875 0.082275390625
0 0.64990234375 0.30419921875 0.056396484375 0.084716796875
0 0.5361328125 0.5927734375 0.054443359375 0.091064453125