34 0.343017578125 0.31591796875 0.051025390625 0.087890625
33 0.393310546875 0.31298828125 0.046142578125 0.085693359375
17 0.443603515625 0.31298828125 0.049072265625 0.08740234375
1 0.66064453125 0.592529296875 0.02392578125 0.078369140625
0 0.53564453125 0.594970703125 0.047119140625 0.0849609375
3 0.448486328125 0.494873046875 0.04150390625 0.06591796875
4 0.56396484375 0.495361328125 0.03955078125 0.0634765625
8 0.7275390625 0.5888671875 0.051025390625 0.081298828125
2 0.59814453125 0.5908203125 0.059326171875 0.091064453125
3 0.59716796875 0.305908203125 0.051513671875 0.07470703125
3 0.54443359375 0.30859375 0.03173828125 0.086181640625
0 0.650146484375 0.304931640625 0.044921875 0.07861328125
4 0.865966796875 0.487060546875 0.035400390625 0.068359375
3 0.750732421875 0.48876953125 0.03857421875 0.070556640625
0 0.826904296875 0.486572265625 0.043212890625 0.064697265625