33 0.493408203125 0.408203125 0.030029296875 0.046630859375
21 0.518310546875 0.407958984375 0.02392578125 0.04736328125
14 0.546142578125 0.408203125 0.026123046875 0.04833984375
15 0.572265625 0.406494140625 0.026123046875 0.04833984375
18 0.600830078125 0.410400390625 0.02587890625 0.050537109375
16 0.428955078125 0.279296875 0.023681640625 0.04345703125
6 0.45458984375 0.279541015625 0.022705078125 0.040283203125
5 0.5048828125 0.27490234375 0.028076171875 0.052001953125
3 0.530517578125 0.27490234375 0.026123046875 0.052001953125
4 0.5576171875 0.271240234375 0.025390625 0.04638671875
8 0.584716796875 0.27392578125 0.026123046875 0.052978515625
8 0.58984375 0.55615234375 0.027587890625 0.046630859375
8 0.5888671875 0.6005859375 0.02734375 0.044677734375
8 0.447998046875 0.58837890625 0.026611328125 0.041259765625
8 0.443115234375 0.480712890625 0.023681640625 0.04150390625
0 0.4033203125 0.282470703125 0.027099609375 0.04443359375
1 0.46484375 0.3544921875 0.019287109375 0.040283203125
9 0.489013671875 0.3525390625 0.0263671875 0.04443359375
9 0.515625 0.351806640625 0.022216796875 0.048095703125
8 0.542236328125 0.348388671875 0.025146484375 0.053466796875
5 0.4453125 0.408447265625 0.02392578125 0.045166015625
5 0.420166015625 0.4775390625 0.02294921875 0.04833984375
4 0.42578125 0.587646484375 0.022216796875 0.03466796875
2 0.444580078125 0.5419921875 0.019775390625 0.042236328125
5 0.46923828125 0.54443359375 0.02490234375 0.04296875