33 0.495849609375 0.40869140625 0.02392578125 0.046142578125
21 0.51904296875 0.406982421875 0.019775390625 0.045654296875
14 0.544921875 0.408447265625 0.023193359375 0.04541015625
15 0.572021484375 0.40771484375 0.024658203125 0.041015625
18 0.599853515625 0.408203125 0.02587890625 0.043212890625
16 0.429931640625 0.279541015625 0.025634765625 0.0458984375
9 0.51416015625 0.351318359375 0.0234375 0.046875
9 0.490478515625 0.35595703125 0.026123046875 0.044189453125
8 0.5888671875 0.552490234375 0.026611328125 0.045166015625
8 0.590576171875 0.600830078125 0.033935546875 0.0390625
8 0.44775390625 0.5888671875 0.024658203125 0.04345703125
8 0.54150390625 0.3544921875 0.0263671875 0.046875
8 0.5830078125 0.271484375 0.025390625 0.0556640625
4 0.5576171875 0.277587890625 0.024658203125 0.04736328125
4 0.424560546875 0.583740234375 0.021484375 0.041259765625
5 0.446044921875 0.410400390625 0.021484375 0.046630859375
1 0.463134765625 0.35595703125 0.021484375 0.044189453125
2 0.47802734375 0.275634765625 0.024658203125 0.043212890625
6 0.451904296875 0.278564453125 0.0205078125 0.043701171875
0 0.404541015625 0.2822265625 0.02294921875 0.041259765625
5 0.50341796875 0.275146484375 0.0224609375 0.052490234375
5 0.417724609375 0.478759765625 0.0234375 0.042236328125
5 0.470458984375 0.544921875 0.020751953125 0.041748046875
8 0.443115234375 0.481689453125 0.02001953125 0.0439453125
0 0.49267578125 0.480712890625 0.02392578125 0.03955078125
2 0.421142578125 0.542236328125 0.02197265625 0.046875
2 0.444091796875 0.5419921875 0.019287109375 0.048828125
2 0.53564453125 0.5986328125 0.025146484375 0.0400390625
2 0.39794921875 0.409912109375 0.023193359375 0.047119140625
2 0.420654296875 0.40966796875 0.021484375 0.04150390625
33 0.49365234375 0.406494140625 0.023681640625 0.046875
3 0.531982421875 0.27294921875 0.025146484375 0.041748046875
1 0.562255859375 0.597900390625 0.025146484375 0.037109375
1 0.533203125 0.550048828125 0.02685546875 0.04443359375
6 0.56201171875 0.548583984375 0.025390625 0.048095703125
7 0.570068359375 0.826171875 0.021484375 0.033935546875
9 0.545654296875 0.822021484375 0.022705078125 0.042236328125