16 0.4287109375 0.279052734375 0.025146484375 0.04736328125
6 0.4541015625 0.27734375 0.022705078125 0.04541015625
2 0.47900390625 0.27783203125 0.022216796875 0.046142578125
2 0.421875 0.40673828125 0.020751953125 0.04736328125
5 0.504638671875 0.274169921875 0.024169921875 0.04931640625
5 0.470703125 0.54345703125 0.023681640625 0.041748046875
3 0.531494140625 0.27392578125 0.024169921875 0.044921875
4 0.55859375 0.274169921875 0.025146484375 0.04296875
4 0.424072265625 0.586181640625 0.021240234375 0.037353515625
8 0.44775390625 0.587158203125 0.020263671875 0.04052734375
8 0.58447265625 0.271240234375 0.020751953125 0.041748046875
8 0.58837890625 0.555908203125 0.026123046875 0.042236328125
8 0.58935546875 0.600341796875 0.027099609375 0.044189453125
1 0.5361328125 0.5498046875 0.022705078125 0.041748046875
1 0.563720703125 0.59814453125 0.0185546875 0.039794921875
33 0.494384765625 0.40869140625 0.022705078125 0.042236328125
21 0.519287109375 0.407958984375 0.021240234375 0.042236328125
14 0.544921875 0.408203125 0.022216796875 0.04541015625
15 0.572509765625 0.40771484375 0.021728515625 0.050537109375
18 0.598876953125 0.408203125 0.023193359375 0.046875
8 0.540283203125 0.351318359375 0.027587890625 0.04296875
9 0.515625 0.35107421875 0.020751953125 0.044921875
9 0.490966796875 0.35302734375 0.023681640625 0.042236328125
8 0.443115234375 0.47802734375 0.021728515625 0.042236328125
6 0.561767578125 0.550048828125 0.022705078125 0.043701171875
0 0.491455078125 0.47998046875 0.025634765625 0.039794921875
7 0.5703125 0.822021484375 0.02392578125 0.04150390625
9 0.5458984375 0.818603515625 0.01953125 0.04150390625
5 0.419189453125 0.4775390625 0.021728515625 0.049560546875