33 0.493408203125 0.40771484375 0.0244140625 0.045166015625
21 0.517822265625 0.409423828125 0.024169921875 0.043212890625
14 0.544921875 0.408447265625 0.025390625 0.046875
15 0.571044921875 0.407958984375 0.02099609375 0.04931640625
18 0.599609375 0.407958984375 0.025390625 0.05126953125
16 0.42919921875 0.278076171875 0.0234375 0.044677734375
3 0.531005859375 0.271240234375 0.026123046875 0.045166015625
4 0.55712890625 0.2724609375 0.021728515625 0.047607421875
5 0.4697265625 0.543701171875 0.02294921875 0.040771484375
6 0.56298828125 0.551025390625 0.025146484375 0.039306640625
8 0.44677734375 0.58837890625 0.0205078125 0.04345703125
9 0.515625 0.35546875 0.021240234375 0.051025390625
8 0.541259765625 0.352783203125 0.03125 0.044921875
8 0.584228515625 0.272216796875 0.022216796875 0.046142578125
6 0.453857421875 0.279541015625 0.021240234375 0.0458984375
2 0.422119140625 0.408447265625 0.020263671875 0.040771484375
1 0.46435546875 0.3583984375 0.02001953125 0.0517578125
9 0.49072265625 0.353271484375 0.02392578125 0.041748046875
5 0.50439453125 0.277587890625 0.024169921875 0.048828125
8 0.4423828125 0.48095703125 0.025390625 0.041259765625
0 0.47216796875 0.589599609375 0.0234375 0.04443359375
1 0.561279296875 0.6025390625 0.01806640625 0.042236328125
8 0.589599609375 0.602294921875 0.025634765625 0.040283203125
8 0.5888671875 0.55615234375 0.020263671875 0.046875
4 0.425048828125 0.586669921875 0.02001953125 0.038330078125
5 0.4462890625 0.4072265625 0.021728515625 0.041015625