29 0.651611328125 0.34228515625 0.018310546875 0.045654296875
30 0.674560546875 0.345458984375 0.021484375 0.04833984375
16 0.697509765625 0.343505859375 0.022216796875 0.046142578125
4 0.756103515625 0.34375 0.02587890625 0.0439453125
7 0.75244140625 0.483154296875 0.0224609375 0.049072265625
9 0.778564453125 0.48193359375 0.021240234375 0.050537109375
3 0.6650390625 0.41796875 0.022705078125 0.04443359375
5 0.78662109375 0.616943359375 0.02294921875 0.04736328125
6 0.72509765625 0.7412109375 0.0205078125 0.042236328125
3 0.76611328125 0.740234375 0.01904296875 0.04443359375
0 0.69189453125 0.418701171875 0.02001953125 0.0517578125
4 0.58837890625 0.548828125 0.019775390625 0.04833984375
4 0.6142578125 0.549560546875 0.022216796875 0.047119140625
0 0.639404296875 0.55029296875 0.02294921875 0.045654296875
6 0.762451171875 0.550048828125 0.020263671875 0.046875
1 0.749755859375 0.614501953125 0.01318359375 0.04541015625
1 0.727294921875 0.676025390625 0.01171875 0.0341796875
8 0.79052734375 0.677978515625 0.021728515625 0.04052734375