29 0.651123046875 0.343017578125 0.020263671875 0.04638671875
30 0.675048828125 0.3427734375 0.018310546875 0.044189453125
16 0.6962890625 0.3427734375 0.019287109375 0.044189453125
4 0.756591796875 0.34375 0.019775390625 0.041015625
3 0.66650390625 0.4150390625 0.018310546875 0.04638671875
0 0.71923828125 0.418701171875 0.019287109375 0.05224609375
0 0.789306640625 0.55126953125 0.023681640625 0.03955078125
2 0.74267578125 0.419189453125 0.021728515625 0.044921875
2 0.519775390625 0.54833984375 0.018310546875 0.044189453125
4 0.5888671875 0.547119140625 0.015869140625 0.04296875
1 0.7255859375 0.674560546875 0.010498046875 0.03759765625
1 0.752685546875 0.61376953125 0.012939453125 0.03759765625
8 0.789794921875 0.678955078125 0.022705078125 0.041015625
6 0.725830078125 0.7392578125 0.019775390625 0.036376953125
3 0.76611328125 0.740966796875 0.020263671875 0.041015625
2 0.6875 0.738037109375 0.020263671875 0.036376953125
9 0.77734375 0.482666015625 0.018798828125 0.043701171875
7 0.750732421875 0.48193359375 0.021240234375 0.03955078125
6 0.762451171875 0.550537109375 0.019775390625 0.042236328125
12 0.638916015625 0.549072265625 0.020263671875 0.03759765625
5 0.786376953125 0.61474609375 0.017822265625 0.038330078125
4 0.615234375 0.548095703125 0.0205078125 0.04931640625