29 0.653076171875 0.34521484375 0.016845703125 0.048583984375
30 0.6748046875 0.344970703125 0.01953125 0.0458984375
16 0.696533203125 0.343994140625 0.022216796875 0.049560546875
4 0.757080078125 0.345458984375 0.019775390625 0.0478515625
2 0.495849609375 0.54541015625 0.020751953125 0.04443359375
2 0.519287109375 0.5458984375 0.021484375 0.0478515625
2 0.741455078125 0.419677734375 0.021484375 0.052001953125
9 0.77734375 0.484619140625 0.020263671875 0.04736328125
5 0.7880859375 0.616455078125 0.017822265625 0.043701171875
8 0.79052734375 0.68017578125 0.019775390625 0.04248046875
6 0.7255859375 0.738037109375 0.017333984375 0.03759765625
3 0.76611328125 0.739013671875 0.019287109375 0.0390625
3 0.667236328125 0.41943359375 0.02294921875 0.052734375
0 0.69091796875 0.418701171875 0.022216796875 0.0517578125
0 0.7890625 0.551513671875 0.023193359375 0.04833984375
7 0.750732421875 0.48193359375 0.0224609375 0.046142578125
0 0.54443359375 0.548095703125 0.017333984375 0.04443359375
4 0.587646484375 0.54833984375 0.02001953125 0.044921875
4 0.612548828125 0.549072265625 0.0205078125 0.042236328125
2 0.72802734375 0.61083984375 0.019287109375 0.044921875
2 0.68701171875 0.736572265625 0.020263671875 0.042724609375
1 0.75048828125 0.613525390625 0.013427734375 0.046142578125
1 0.725341796875 0.671875 0.0126953125 0.0478515625