29 0.651611328125 0.34130859375 0.015869140625 0.04345703125
30 0.67431640625 0.344970703125 0.0185546875 0.04833984375
16 0.697998046875 0.343994140625 0.020263671875 0.049072265625
3 0.666015625 0.416259765625 0.021240234375 0.043701171875
4 0.756103515625 0.3466796875 0.0234375 0.0458984375
5 0.78759765625 0.61474609375 0.02001953125 0.038330078125
6 0.7626953125 0.550537109375 0.0185546875 0.040283203125
7 0.751220703125 0.48193359375 0.017822265625 0.04345703125
8 0.789306640625 0.678955078125 0.0185546875 0.03857421875
9 0.77783203125 0.48388671875 0.0205078125 0.04736328125
0 0.720703125 0.419677734375 0.02197265625 0.056396484375
4 0.587890625 0.548828125 0.024658203125 0.037841796875
4 0.6142578125 0.55029296875 0.022705078125 0.0419921875
1 0.753662109375 0.613525390625 0.015869140625 0.041748046875
1 0.729248046875 0.67578125 0.0166015625 0.040771484375
6 0.726318359375 0.739013671875 0.021484375 0.04443359375
3 0.76611328125 0.740478515625 0.021484375 0.04736328125
2 0.741455078125 0.41845703125 0.0205078125 0.05078125