28 0.267822265625 0.234619140625 0.04345703125 0.083251953125
32 0.35107421875 0.236083984375 0.0537109375 0.084228515625
1 0.518798828125 0.243408203125 0.041259765625 0.093017578125
8 0.603759765625 0.239013671875 0.0478515625 0.082275390625
31 0.6923828125 0.250244140625 0.044189453125 0.089111328125
10 0.77099609375 0.255126953125 0.047119140625 0.081298828125
7 0.287353515625 0.502685546875 0.045654296875 0.088134765625
0 0.367431640625 0.509521484375 0.041259765625 0.080322265625
0 0.5322265625 0.513427734375 0.044189453125 0.090087890625
8 0.450927734375 0.512451171875 0.04345703125 0.080322265625
2 0.6123046875 0.519287109375 0.041259765625 0.082275390625
3 0.689453125 0.520263671875 0.039794921875 0.070556640625
2 0.62255859375 0.821533203125 0.03369140625 0.071533203125
1 0.8154296875 0.693115234375 0.0390625 0.081298828125
9 0.50927734375 0.822021484375 0.03369140625 0.068603515625
7 0.5419921875 0.818603515625 0.025634765625 0.067626953125
6 0.569580078125 0.819580078125 0.0263671875 0.069580078125
7 0.698974609375 0.820068359375 0.035400390625 0.068603515625
5 0.629150390625 0.696044921875 0.038330078125 0.073486328125