28 0.26708984375 0.232177734375 0.0419921875 0.08740234375
32 0.35302734375 0.2314453125 0.04736328125 0.085693359375
21 0.5263671875 0.23779296875 0.0322265625 0.0869140625
31 0.687744140625 0.247314453125 0.0439453125 0.074462890625
10 0.772705078125 0.25048828125 0.039794921875 0.07666015625
5 0.630126953125 0.695556640625 0.033203125 0.079345703125
8 0.452392578125 0.509765625 0.03515625 0.082763671875
7 0.28857421875 0.506103515625 0.042724609375 0.084716796875
8 0.60009765625 0.239013671875 0.056396484375 0.08056640625
6 0.572509765625 0.822509765625 0.0341796875 0.071533203125
2 0.623046875 0.822021484375 0.03662109375 0.080810546875
7 0.702392578125 0.818359375 0.03271484375 0.07373046875
3 0.68994140625 0.521728515625 0.04833984375 0.0810546875
2 0.6083984375 0.51416015625 0.05029296875 0.083740234375