28 0.27001953125 0.23486328125 0.043701171875 0.087890625
32 0.3515625 0.232177734375 0.061279296875 0.089111328125
31 0.689208984375 0.251708984375 0.047119140625 0.08642578125
10 0.772705078125 0.252685546875 0.0439453125 0.08203125
0 0.3681640625 0.51220703125 0.03515625 0.07421875
5 0.62939453125 0.697021484375 0.033203125 0.0712890625
7 0.284423828125 0.507080078125 0.051025390625 0.087646484375
0 0.53125 0.51708984375 0.04736328125 0.08935546875
1 0.51416015625 0.23974609375 0.05126953125 0.082763671875
8 0.60400390625 0.24072265625 0.04345703125 0.086669921875
3 0.693115234375 0.515380859375 0.041259765625 0.083740234375
7 0.54150390625 0.82275390625 0.025146484375 0.072509765625
6 0.570068359375 0.81884765625 0.02880859375 0.062255859375
9 0.5078125 0.82373046875 0.034912109375 0.0673828125
0 0.662109375 0.819091796875 0.02734375 0.0673828125
7 0.698486328125 0.819580078125 0.03466796875 0.068115234375
8 0.447509765625 0.506591796875 0.04541015625 0.086669921875
2 0.612060546875 0.516845703125 0.037109375 0.088623046875