28 0.26806640625 0.236572265625 0.042724609375 0.098876953125
32 0.352294921875 0.232666015625 0.046630859375 0.080810546875
31 0.6865234375 0.252685546875 0.053466796875 0.08984375
0 0.3671875 0.510009765625 0.042724609375 0.07421875
8 0.447021484375 0.51416015625 0.040283203125 0.06884765625
8 0.6044921875 0.244873046875 0.03564453125 0.076904296875
10 0.771728515625 0.257568359375 0.0361328125 0.07861328125
7 0.289306640625 0.50537109375 0.041015625 0.075439453125
2 0.60888671875 0.51708984375 0.04443359375 0.073486328125
2 0.582763671875 0.699951171875 0.029052734375 0.068603515625
2 0.623046875 0.8212890625 0.033935546875 0.068115234375
7 0.5419921875 0.81787109375 0.026123046875 0.067626953125
7 0.69970703125 0.822509765625 0.033203125 0.07373046875
6 0.5712890625 0.8203125 0.032958984375 0.06640625
9 0.509765625 0.822021484375 0.03173828125 0.06201171875
4 0.8154296875 0.7021484375 0.02783203125 0.0771484375
5 0.628173828125 0.69677734375 0.0361328125 0.072265625
3 0.688232421875 0.521484375 0.039306640625 0.07470703125
1 0.52099609375 0.243408203125 0.0341796875 0.07861328125
0 0.53369140625 0.516845703125 0.031494140625 0.074462890625