27 0.472412109375 0.33740234375 0.02392578125 0.03662109375
20 0.541259765625 0.4892578125 0.0234375 0.0341796875
16 0.5673828125 0.4892578125 0.024658203125 0.03857421875
5 0.53125 0.384765625 0.018798828125 0.03662109375
7 0.55126953125 0.38671875 0.017822265625 0.036865234375
8 0.495361328125 0.385498046875 0.01904296875 0.035888671875
0 0.505615234375 0.491455078125 0.02001953125 0.037109375
7 0.574951171875 0.388916015625 0.016845703125 0.04248046875
4 0.47216796875 0.388671875 0.020751953125 0.0322265625
2 0.46826171875 0.439453125 0.019775390625 0.039306640625
2 0.509521484375 0.438720703125 0.019287109375 0.035888671875
5 0.48974609375 0.540283203125 0.021484375 0.037841796875
1 0.466552734375 0.48974609375 0.013427734375 0.03125
16 0.49755859375 0.340576171875 0.022705078125 0.040283203125