27 0.47265625 0.337890625 0.0224609375 0.03955078125
20 0.541015625 0.48681640625 0.02294921875 0.038330078125
16 0.568359375 0.49072265625 0.025390625 0.034912109375
22 0.530517578125 0.53955078125 0.029541015625 0.03564453125
25 0.556396484375 0.5419921875 0.020751953125 0.0439453125
16 0.5888671875 0.594482421875 0.025146484375 0.03955078125
20 0.5615234375 0.59228515625 0.023681640625 0.039794921875
16 0.498046875 0.340087890625 0.0234375 0.037841796875
8 0.49462890625 0.38720703125 0.022216796875 0.038330078125
5 0.48974609375 0.541015625 0.02294921875 0.040283203125
0 0.482421875 0.592529296875 0.019287109375 0.03564453125
7 0.57470703125 0.38671875 0.02001953125 0.034423828125
7 0.55126953125 0.386962890625 0.018310546875 0.03662109375
5 0.531005859375 0.38818359375 0.0224609375 0.037109375
4 0.470458984375 0.386474609375 0.019775390625 0.034912109375
4 0.514404296875 0.387451171875 0.0107421875 0.043701171875
2 0.469970703125 0.4384765625 0.01953125 0.040283203125
2 0.48193359375 0.4892578125 0.0185546875 0.0361328125
2 0.466064453125 0.53955078125 0.0205078125 0.041259765625
1 0.46728515625 0.48876953125 0.0087890625 0.035400390625
0 0.50439453125 0.490478515625 0.01953125 0.03662109375