27 0.471435546875 0.33740234375 0.023193359375 0.035888671875
0 0.56298828125 0.341064453125 0.0185546875 0.030517578125
7 0.574951171875 0.384765625 0.017578125 0.035400390625
7 0.551513671875 0.38671875 0.01806640625 0.034912109375
4 0.47119140625 0.386962890625 0.021240234375 0.035400390625
8 0.49462890625 0.385498046875 0.019287109375 0.035888671875
1 0.51416015625 0.38916015625 0.01318359375 0.03955078125
1 0.466796875 0.4892578125 0.012451171875 0.0341796875
5 0.531005859375 0.38623046875 0.017333984375 0.03369140625
5 0.489013671875 0.53955078125 0.0224609375 0.03857421875
20 0.540771484375 0.490234375 0.025390625 0.036376953125
16 0.56884765625 0.490478515625 0.023681640625 0.034912109375
25 0.556884765625 0.540771484375 0.0205078125 0.035888671875
22 0.530029296875 0.541259765625 0.028076171875 0.035888671875
20 0.5615234375 0.593017578125 0.02294921875 0.041748046875
16 0.58837890625 0.5927734375 0.023681640625 0.042236328125
1 0.46533203125 0.589111328125 0.012939453125 0.035400390625
2 0.4697265625 0.43798828125 0.019775390625 0.036865234375
0 0.4912109375 0.437255859375 0.014892578125 0.031005859375
2 0.4833984375 0.489501953125 0.018798828125 0.0390625