27 0.471923828125 0.33984375 0.028076171875 0.042724609375
20 0.54150390625 0.489990234375 0.020751953125 0.0390625
16 0.569091796875 0.49169921875 0.0234375 0.038330078125
22 0.531494140625 0.540771484375 0.026611328125 0.036376953125
25 0.55712890625 0.5419921875 0.02099609375 0.03759765625
20 0.5615234375 0.591064453125 0.01953125 0.037353515625
16 0.589111328125 0.59375 0.028076171875 0.041259765625
7 0.552001953125 0.385986328125 0.0166015625 0.037109375
7 0.574951171875 0.387939453125 0.02099609375 0.040771484375
8 0.4951171875 0.388671875 0.02099609375 0.040771484375
4 0.470947265625 0.388916015625 0.01708984375 0.041015625
5 0.531005859375 0.387939453125 0.019287109375 0.0400390625
1 0.51416015625 0.388671875 0.012451171875 0.036865234375
5 0.490478515625 0.538818359375 0.01953125 0.039306640625
0 0.48193359375 0.591796875 0.017333984375 0.0322265625