2 0.24609375 0.291748046875 0.024658203125 0.047607421875
2 0.467529296875 0.35888671875 0.027099609375 0.048095703125
12 0.27587890625 0.3720703125 0.025634765625 0.04638671875
29 0.33935546875 0.36669921875 0.025146484375 0.045654296875
10 0.30859375 0.37109375 0.021240234375 0.05078125
13 0.33837890625 0.286376953125 0.02880859375 0.048095703125
3 0.3720703125 0.28466796875 0.025146484375 0.04638671875
4 0.435791015625 0.363525390625 0.026123046875 0.04443359375
13 0.498779296875 0.35791015625 0.023193359375 0.04638671875
10 0.531005859375 0.35546875 0.024658203125 0.04638671875
17 0.562744140625 0.353759765625 0.026611328125 0.046875
28 0.595458984375 0.351806640625 0.0283203125 0.049560546875
33 0.626953125 0.350830078125 0.025634765625 0.048828125
0 0.723388671875 0.34326171875 0.026123046875 0.04638671875
1 0.78662109375 0.33935546875 0.023193359375 0.044921875
1 0.692626953125 0.34375 0.024169921875 0.046875
4 0.2763671875 0.288818359375 0.027587890625 0.04443359375