13 0.499267578125 0.360595703125 0.026123046875 0.04931640625
28 0.595947265625 0.350341796875 0.02294921875 0.04638671875
33 0.626708984375 0.3486328125 0.024658203125 0.05126953125
12 0.276123046875 0.3740234375 0.02783203125 0.05615234375
10 0.31005859375 0.372314453125 0.026123046875 0.05517578125
10 0.52978515625 0.357666015625 0.02587890625 0.0517578125
17 0.56201171875 0.3544921875 0.027587890625 0.0546875
29 0.341064453125 0.3681640625 0.025390625 0.048095703125
13 0.3388671875 0.285888671875 0.026611328125 0.046142578125
3 0.37109375 0.28515625 0.027587890625 0.04541015625
4 0.4345703125 0.359130859375 0.0263671875 0.04833984375
4 0.279052734375 0.291259765625 0.034423828125 0.052734375
2 0.46728515625 0.36083984375 0.0263671875 0.04931640625
1 0.6923828125 0.342041015625 0.019287109375 0.051025390625
0 0.725341796875 0.343994140625 0.032470703125 0.05126953125