13 0.338623046875 0.283935546875 0.0283203125 0.04541015625
13 0.49853515625 0.359130859375 0.02197265625 0.05322265625
17 0.56201171875 0.353759765625 0.029296875 0.042724609375
28 0.594482421875 0.35400390625 0.021728515625 0.0478515625
33 0.627197265625 0.34765625 0.023681640625 0.047607421875
10 0.53076171875 0.357177734375 0.02685546875 0.052734375
2 0.245361328125 0.293212890625 0.023681640625 0.043212890625
2 0.308837890625 0.288330078125 0.026611328125 0.043701171875
2 0.4033203125 0.362060546875 0.025634765625 0.047119140625
2 0.4658203125 0.359130859375 0.029052734375 0.04736328125
1 0.690673828125 0.34521484375 0.0224609375 0.04443359375
1 0.787109375 0.338623046875 0.025390625 0.0498046875
0 0.755615234375 0.340576171875 0.029052734375 0.04443359375
29 0.339599609375 0.3671875 0.026611328125 0.044921875
10 0.307373046875 0.370849609375 0.029052734375 0.05029296875
12 0.27587890625 0.37158203125 0.022705078125 0.04345703125
4 0.435546875 0.3603515625 0.02587890625 0.048583984375
3 0.3701171875 0.28466796875 0.03125 0.04345703125
4 0.277587890625 0.289306640625 0.02880859375 0.040283203125