13 0.33837890625 0.28466796875 0.02978515625 0.047119140625
29 0.339111328125 0.3681640625 0.02685546875 0.04296875
12 0.27685546875 0.37158203125 0.025146484375 0.04345703125
13 0.49951171875 0.361328125 0.025634765625 0.050537109375
10 0.532958984375 0.3544921875 0.030029296875 0.05517578125
17 0.56201171875 0.351318359375 0.031982421875 0.046875
28 0.59375 0.3505859375 0.029541015625 0.047119140625
33 0.626708984375 0.349365234375 0.022216796875 0.043212890625
4 0.436767578125 0.35986328125 0.023681640625 0.046630859375
3 0.370849609375 0.28369140625 0.0244140625 0.044677734375
2 0.3076171875 0.289306640625 0.02880859375 0.046142578125
10 0.30615234375 0.37109375 0.027099609375 0.049560546875