14 0.157470703125 0.441162109375 0.03369140625 0.053955078125
10 0.23876953125 0.444091796875 0.028564453125 0.063232421875
10 0.2978515625 0.44677734375 0.027099609375 0.05615234375
31 0.268798828125 0.44287109375 0.02783203125 0.052001953125
29 0.326904296875 0.445556640625 0.024169921875 0.055419921875
24 0.354248046875 0.44677734375 0.0283203125 0.05419921875
27 0.38671875 0.45068359375 0.02978515625 0.056640625
21 0.386474609375 0.590087890625 0.027099609375 0.06201171875
12 0.416748046875 0.58642578125 0.0302734375 0.05615234375
14 0.24462890625 0.5849609375 0.029052734375 0.0546875
33 0.273193359375 0.58447265625 0.028564453125 0.05712890625
27 0.161865234375 0.581787109375 0.028564453125 0.059814453125
23 0.396240234375 0.71044921875 0.033203125 0.05419921875
7 0.7392578125 0.59765625 0.0263671875 0.05419921875
20 0.785888671875 0.458740234375 0.030029296875 0.061767578125
4 0.619873046875 0.457275390625 0.02880859375 0.058837890625
5 0.645751953125 0.59521484375 0.03173828125 0.04931640625
3 0.64404296875 0.72021484375 0.029541015625 0.057861328125
3 0.30224609375 0.585205078125 0.0263671875 0.059326171875
3 0.591064453125 0.454833984375 0.021728515625 0.06103515625
2 0.58642578125 0.595947265625 0.027099609375 0.05322265625
9 0.428466796875 0.71337890625 0.02880859375 0.052734375
1 0.4873046875 0.716796875 0.0234375 0.053955078125
3 0.611328125 0.72021484375 0.03076171875 0.051513671875
7 0.65576171875 0.455810546875 0.029541015625 0.0546875
3 0.769287109375 0.6015625 0.025634765625 0.05908203125
5 0.89013671875 0.601806640625 0.02880859375 0.055908203125
7 0.860107421875 0.599609375 0.02978515625 0.058349609375
0 0.922119140625 0.604736328125 0.02880859375 0.0498046875