31 0.269287109375 0.446533203125 0.0302734375 0.065185546875
27 0.386962890625 0.452392578125 0.0283203125 0.06396484375
27 0.35693359375 0.44775390625 0.0283203125 0.062744140625
14 0.156005859375 0.443603515625 0.032958984375 0.0625
14 0.247802734375 0.5859375 0.025390625 0.058349609375
33 0.27392578125 0.585205078125 0.0263671875 0.052001953125
21 0.385986328125 0.58984375 0.02734375 0.056396484375
23 0.39697265625 0.712158203125 0.033447265625 0.052978515625
20 0.78662109375 0.4580078125 0.030517578125 0.06689453125
10 0.23876953125 0.445068359375 0.031494140625 0.0537109375
10 0.296630859375 0.44677734375 0.028076171875 0.05859375
29 0.32666015625 0.449462890625 0.027587890625 0.060791015625
27 0.1611328125 0.581787109375 0.027099609375 0.05419921875
11 0.217529296875 0.5849609375 0.025146484375 0.054443359375
3 0.300537109375 0.58544921875 0.02587890625 0.05419921875
12 0.418701171875 0.590576171875 0.0302734375 0.05078125
2 0.327880859375 0.586669921875 0.027099609375 0.053466796875
0 0.3583984375 0.588623046875 0.0283203125 0.052978515625
9 0.427490234375 0.712158203125 0.02734375 0.05322265625
1 0.488037109375 0.716796875 0.016845703125 0.051025390625
4 0.5126953125 0.71337890625 0.029052734375 0.0537109375
18 0.70751953125 0.60205078125 0.020263671875 0.059326171875
7 0.61572265625 0.59521484375 0.02880859375 0.05810546875
2 0.586669921875 0.5966796875 0.025146484375 0.05859375
5 0.64892578125 0.595703125 0.03271484375 0.052734375
4 0.62060546875 0.455322265625 0.024658203125 0.057861328125
3 0.588623046875 0.45361328125 0.027099609375 0.0595703125
7 0.65625 0.45556640625 0.026123046875 0.06005859375
5 0.892822265625 0.604736328125 0.0283203125 0.05810546875
7 0.86181640625 0.60400390625 0.02978515625 0.0546875
3 0.770751953125 0.601318359375 0.031494140625 0.060791015625
7 0.7392578125 0.59765625 0.024658203125 0.0546875
3 0.61083984375 0.7216796875 0.030517578125 0.05517578125
3 0.64404296875 0.721435546875 0.03125 0.059814453125