10 0.240966796875 0.4443359375 0.0244140625 0.0615234375
31 0.26806640625 0.440185546875 0.025634765625 0.06103515625
29 0.326416015625 0.44580078125 0.0244140625 0.058837890625
24 0.356689453125 0.448486328125 0.023681640625 0.058837890625
27 0.385498046875 0.451416015625 0.032470703125 0.06201171875
14 0.15478515625 0.441650390625 0.031982421875 0.05615234375
27 0.159423828125 0.585205078125 0.032470703125 0.05517578125
14 0.245849609375 0.58349609375 0.024169921875 0.0625
33 0.274658203125 0.584716796875 0.02880859375 0.054443359375
3 0.302978515625 0.587890625 0.0263671875 0.05517578125
21 0.38525390625 0.5888671875 0.023681640625 0.05712890625
23 0.396240234375 0.7080078125 0.02734375 0.05078125
2 0.331298828125 0.5888671875 0.025634765625 0.05712890625
9 0.427001953125 0.713134765625 0.02978515625 0.058349609375
10 0.2958984375 0.443359375 0.02783203125 0.062744140625
1 0.51806640625 0.715087890625 0.020751953125 0.059326171875
3 0.64501953125 0.719970703125 0.02978515625 0.054443359375
2 0.583251953125 0.5986328125 0.029541015625 0.05322265625
7 0.74267578125 0.601806640625 0.021728515625 0.05712890625
3 0.771728515625 0.59912109375 0.027587890625 0.059814453125
5 0.6474609375 0.598388671875 0.029296875 0.06005859375
18 0.709228515625 0.599365234375 0.022705078125 0.06005859375
7 0.615966796875 0.594970703125 0.024169921875 0.060546875
20 0.78564453125 0.458740234375 0.034912109375 0.06787109375
7 0.654296875 0.460205078125 0.03076171875 0.064453125
3 0.58984375 0.4541015625 0.025634765625 0.06689453125
4 0.62158203125 0.457763671875 0.029296875 0.072509765625
35 0.68017578125 0.5986328125 0.033935546875 0.06689453125
5 0.891845703125 0.60595703125 0.028564453125 0.0615234375
7 0.86083984375 0.603759765625 0.027099609375 0.059326171875
0 0.92333984375 0.6025390625 0.029052734375 0.05859375
11 0.216796875 0.585205078125 0.031005859375 0.060546875
12 0.41650390625 0.58935546875 0.031494140625 0.05419921875
1 0.487548828125 0.715087890625 0.0224609375 0.0517578125
3 0.60986328125 0.719970703125 0.025146484375 0.049560546875