14 0.15771484375 0.444580078125 0.03173828125 0.05810546875
10 0.238037109375 0.4423828125 0.029052734375 0.056640625
31 0.26806640625 0.441650390625 0.02783203125 0.0595703125
10 0.296630859375 0.444580078125 0.02685546875 0.05810546875
29 0.32568359375 0.4453125 0.02685546875 0.05517578125
24 0.355712890625 0.447998046875 0.025634765625 0.060302734375
27 0.3857421875 0.448974609375 0.0263671875 0.0595703125
27 0.16162109375 0.58349609375 0.030517578125 0.0634765625
0 0.189208984375 0.580078125 0.023681640625 0.056640625
15 0.216796875 0.58349609375 0.025390625 0.056640625
14 0.244140625 0.584228515625 0.024169921875 0.058349609375
33 0.2734375 0.58544921875 0.02880859375 0.058349609375
10 0.302490234375 0.586181640625 0.0224609375 0.055419921875
2 0.328369140625 0.58544921875 0.02587890625 0.058349609375
0 0.359375 0.58642578125 0.023681640625 0.054931640625
21 0.38720703125 0.5888671875 0.024169921875 0.058349609375
12 0.416015625 0.587158203125 0.027099609375 0.052734375
23 0.394775390625 0.709228515625 0.02978515625 0.052734375
9 0.425537109375 0.7119140625 0.027587890625 0.052734375
0 0.457275390625 0.71533203125 0.0283203125 0.052001953125
1 0.487548828125 0.71630859375 0.01904296875 0.058837890625
1 0.5146484375 0.71630859375 0.020751953125 0.051025390625
3 0.612060546875 0.721435546875 0.027099609375 0.055419921875
18 0.70703125 0.599853515625 0.023681640625 0.055419921875
7 0.738525390625 0.599365234375 0.02880859375 0.055419921875
20 0.785400390625 0.4599609375 0.03173828125 0.05810546875
4 0.62158203125 0.45263671875 0.0263671875 0.057373046875
5 0.6484375 0.595947265625 0.028564453125 0.051025390625
7 0.6162109375 0.591552734375 0.0283203125 0.049560546875
7 0.65625 0.455322265625 0.029296875 0.06005859375
7 0.860595703125 0.602783203125 0.025390625 0.058349609375
5 0.8916015625 0.60107421875 0.029052734375 0.062255859375
3 0.769287109375 0.599609375 0.027099609375 0.059814453125