2 0.251220703125 0.69189453125 0.02587890625 0.0625
1 0.281982421875 0.694091796875 0.0185546875 0.060546875
3 0.6015625 0.697998046875 0.02490234375 0.061767578125
6 0.63330078125 0.69775390625 0.027099609375 0.0625
9 0.696044921875 0.701416015625 0.02392578125 0.059814453125
9 0.695556640625 0.814697265625 0.027587890625 0.057373046875
8 0.727294921875 0.702392578125 0.027099609375 0.061767578125
0 0.664794921875 0.70361328125 0.0244140625 0.052734375
7 0.6650390625 0.812255859375 0.02099609375 0.05224609375
7 0.63232421875 0.8095703125 0.027099609375 0.059814453125
1 0.602783203125 0.81103515625 0.014892578125 0.055908203125
1 0.31201171875 0.69677734375 0.015869140625 0.051513671875