7 0.662353515625 0.811279296875 0.026611328125 0.06396484375
6 0.636474609375 0.6982421875 0.027587890625 0.058349609375
3 0.60302734375 0.70166015625 0.026611328125 0.062744140625
1 0.3134765625 0.69677734375 0.017822265625 0.061279296875
2 0.250244140625 0.69287109375 0.03125 0.05615234375
1 0.282470703125 0.69287109375 0.019287109375 0.052490234375
1 0.598876953125 0.810302734375 0.02294921875 0.052001953125
7 0.6318359375 0.80859375 0.025634765625 0.06005859375
9 0.695068359375 0.81591796875 0.025146484375 0.05419921875
9 0.695556640625 0.70166015625 0.02734375 0.06298828125
0 0.66455078125 0.705078125 0.0234375 0.0546875
8 0.725830078125 0.70361328125 0.024658203125 0.063232421875