2 0.444580078125 0.332763671875 0.026123046875 0.052734375
4 0.474853515625 0.3330078125 0.025634765625 0.046875
4 0.21435546875 0.5908203125 0.022216796875 0.041259765625
5 0.247314453125 0.5908203125 0.025634765625 0.043701171875
5 0.4169921875 0.586181640625 0.021728515625 0.04052734375
7 0.54248046875 0.3349609375 0.026611328125 0.049560546875
7 0.5712890625 0.580322265625 0.019775390625 0.041748046875
3 0.646240234375 0.57861328125 0.025146484375 0.041259765625
3 0.36328125 0.58642578125 0.019775390625 0.045166015625
9 0.390625 0.585693359375 0.021240234375 0.043701171875
6 0.495849609375 0.584228515625 0.021240234375 0.0380859375
0 0.5458984375 0.582275390625 0.019287109375 0.03662109375
9 0.517333984375 0.33642578125 0.021728515625 0.049560546875
1 0.60986328125 0.337890625 0.021240234375 0.047607421875
3 0.333251953125 0.587158203125 0.027587890625 0.04638671875
0 0.470458984375 0.586181640625 0.023681640625 0.04052734375
7 0.59716796875 0.580322265625 0.020751953125 0.04638671875
8 0.620849609375 0.578857421875 0.023193359375 0.037353515625
3 0.27490234375 0.58740234375 0.0244140625 0.04296875