9 0.390869140625 0.587890625 0.0234375 0.039306640625
3 0.333740234375 0.58935546875 0.024658203125 0.039794921875
4 0.217529296875 0.59228515625 0.0224609375 0.042724609375
5 0.24560546875 0.591552734375 0.026611328125 0.04248046875
5 0.41796875 0.587890625 0.024169921875 0.04638671875
6 0.496826171875 0.584228515625 0.023193359375 0.048095703125
3 0.275390625 0.589599609375 0.026123046875 0.0439453125
3 0.361572265625 0.589599609375 0.023681640625 0.04736328125
0 0.470703125 0.585205078125 0.022705078125 0.041259765625
3 0.645751953125 0.578369140625 0.01953125 0.041259765625
8 0.622314453125 0.58203125 0.021240234375 0.04150390625
7 0.596435546875 0.5810546875 0.021240234375 0.04541015625
7 0.5712890625 0.58056640625 0.019775390625 0.037841796875
1 0.609619140625 0.337158203125 0.015625 0.041015625
7 0.54296875 0.33447265625 0.0263671875 0.0517578125
5 0.570556640625 0.33642578125 0.02490234375 0.0498046875
9 0.515869140625 0.335693359375 0.0244140625 0.04833984375
2 0.445556640625 0.33447265625 0.02294921875 0.045654296875
4 0.472900390625 0.3349609375 0.0244140625 0.050048828125