9 0.39013671875 0.5888671875 0.025146484375 0.043701171875
6 0.497314453125 0.586181640625 0.0224609375 0.0400390625
0 0.54833984375 0.58349609375 0.019287109375 0.041015625
3 0.36328125 0.58642578125 0.023681640625 0.04052734375
3 0.33349609375 0.5888671875 0.023193359375 0.04150390625
3 0.275390625 0.588623046875 0.023681640625 0.0400390625
3 0.647705078125 0.578125 0.027099609375 0.041259765625
7 0.545166015625 0.333740234375 0.021484375 0.04052734375
7 0.5966796875 0.57958984375 0.017822265625 0.039306640625
7 0.572509765625 0.578857421875 0.021240234375 0.037841796875
8 0.621337890625 0.580078125 0.01806640625 0.040283203125
0 0.471435546875 0.587158203125 0.02587890625 0.04296875
5 0.41748046875 0.58447265625 0.024658203125 0.04248046875
5 0.245849609375 0.5888671875 0.02490234375 0.042724609375
4 0.216064453125 0.592041015625 0.0234375 0.044189453125
9 0.516357421875 0.339599609375 0.022216796875 0.048583984375
5 0.57080078125 0.335205078125 0.023681640625 0.054443359375
4 0.4736328125 0.335205078125 0.02099609375 0.04736328125
2 0.445068359375 0.332763671875 0.021484375 0.051025390625