9 0.515869140625 0.335205078125 0.02099609375 0.048095703125
8 0.6220703125 0.581787109375 0.0224609375 0.04052734375
7 0.57275390625 0.57958984375 0.020263671875 0.036376953125
6 0.496826171875 0.582763671875 0.02001953125 0.041015625
5 0.417724609375 0.58544921875 0.02392578125 0.041015625
4 0.47314453125 0.334716796875 0.023193359375 0.05029296875
3 0.647705078125 0.57763671875 0.0224609375 0.04443359375
7 0.542236328125 0.330322265625 0.0224609375 0.057373046875
5 0.57080078125 0.3369140625 0.024658203125 0.048095703125
3 0.361328125 0.588134765625 0.0244140625 0.041015625
3 0.33251953125 0.587646484375 0.02734375 0.044189453125
3 0.276611328125 0.5908203125 0.02978515625 0.04345703125
4 0.21728515625 0.590576171875 0.027099609375 0.04833984375
5 0.24462890625 0.59033203125 0.027587890625 0.052001953125
9 0.39111328125 0.58837890625 0.02587890625 0.044189453125
7 0.597412109375 0.57861328125 0.019775390625 0.040771484375
1 0.610595703125 0.33935546875 0.021728515625 0.047607421875