16 0.347412109375 0.348388671875 0.02392578125 0.039306640625
23 0.60009765625 0.42333984375 0.021484375 0.044189453125
25 0.622802734375 0.424072265625 0.021728515625 0.045654296875
12 0.554443359375 0.4248046875 0.019287109375 0.048828125
20 0.576904296875 0.424560546875 0.018798828125 0.048095703125
23 0.452880859375 0.673095703125 0.023681640625 0.0517578125
10 0.510986328125 0.675048828125 0.027099609375 0.055419921875
24 0.516845703125 0.8623046875 0.018798828125 0.051025390625
10 0.542236328125 0.861572265625 0.02490234375 0.044921875
13 0.563720703125 0.8642578125 0.0263671875 0.050048828125
32 0.315673828125 0.869873046875 0.026611328125 0.04638671875
14 0.389404296875 0.866455078125 0.0244140625 0.04443359375
27 0.611572265625 0.862060546875 0.025390625 0.0439453125