16 0.348388671875 0.3515625 0.024169921875 0.043212890625
29 0.415771484375 0.4267578125 0.020263671875 0.050537109375
16 0.531494140625 0.423583984375 0.02197265625 0.0419921875
20 0.578125 0.42578125 0.022705078125 0.046142578125
12 0.55517578125 0.423583984375 0.017822265625 0.046875
23 0.60107421875 0.4267578125 0.01708984375 0.045654296875
25 0.623291015625 0.42333984375 0.01708984375 0.048828125
1 0.69189453125 0.42333984375 0.01708984375 0.055908203125
10 0.509765625 0.67431640625 0.02685546875 0.052734375
23 0.453125 0.671630859375 0.026123046875 0.047119140625
23 0.701904296875 0.6748046875 0.0283203125 0.04931640625
10 0.773681640625 0.67041015625 0.029296875 0.04931640625
14 0.500732421875 0.615966796875 0.021484375 0.05419921875
3 0.71337890625 0.615966796875 0.021240234375 0.0498046875
32 0.316162109375 0.8662109375 0.027587890625 0.03662109375
10 0.310546875 0.82470703125 0.017333984375 0.03662109375
17 0.343505859375 0.86767578125 0.019775390625 0.0361328125
14 0.36669921875 0.8681640625 0.015869140625 0.040771484375
14 0.387939453125 0.8662109375 0.0166015625 0.03662109375
14 0.4296875 0.86474609375 0.01611328125 0.040771484375
21 0.406982421875 0.865478515625 0.014404296875 0.0390625
24 0.5166015625 0.8642578125 0.0224609375 0.041748046875
10 0.54150390625 0.865966796875 0.01953125 0.03955078125
13 0.565185546875 0.8642578125 0.019775390625 0.047607421875
27 0.611572265625 0.864013671875 0.01904296875 0.046875
13 0.451171875 0.863525390625 0.021484375 0.045654296875
21 0.494384765625 0.86279296875 0.02001953125 0.0458984375
5 0.378662109375 0.7802734375 0.01416015625 0.044677734375
23 0.287841796875 0.82373046875 0.0126953125 0.03662109375
7 0.341552734375 0.781005859375 0.015380859375 0.041748046875
4 0.356201171875 0.781494140625 0.013916015625 0.038818359375
8 0.47021484375 0.781494140625 0.01611328125 0.040283203125
3 0.490966796875 0.781005859375 0.0166015625 0.044189453125
30 0.52880859375 0.781005859375 0.017822265625 0.041259765625
5 0.51025390625 0.7802734375 0.017578125 0.043212890625
2 0.645751953125 0.777587890625 0.018798828125 0.0390625
2 0.59619140625 0.777587890625 0.018798828125 0.042724609375
0 0.615478515625 0.778076171875 0.016845703125 0.041259765625
1 0.629638671875 0.776611328125 0.00927734375 0.039794921875
14 0.58984375 0.860107421875 0.017822265625 0.042724609375
12 0.44921875 0.6162109375 0.019775390625 0.052734375
4 0.4765625 0.616455078125 0.02099609375 0.04833984375
2 0.5234375 0.615234375 0.017578125 0.0546875
5 0.5458984375 0.6162109375 0.019287109375 0.056396484375
5 0.61376953125 0.615234375 0.0224609375 0.050537109375
0 0.59033203125 0.615478515625 0.021484375 0.051025390625
3 0.56787109375 0.615234375 0.0205078125 0.053466796875
3 0.664794921875 0.614990234375 0.0185546875 0.053955078125
7 0.6884765625 0.61328125 0.02001953125 0.05419921875
5 0.736083984375 0.615234375 0.021240234375 0.055419921875
9 0.762451171875 0.61376953125 0.021484375 0.054931640625
9 0.787841796875 0.613037109375 0.019287109375 0.056884765625
8 0.812255859375 0.612548828125 0.02099609375 0.0517578125
9 0.715087890625 0.424072265625 0.019775390625 0.045654296875
9 0.462646484375 0.423095703125 0.021240234375 0.04345703125
0 0.646240234375 0.423828125 0.0205078125 0.0458984375
2 0.738037109375 0.423095703125 0.019775390625 0.045166015625
4 0.507080078125 0.424072265625 0.019287109375 0.048583984375
1 0.483642578125 0.42138671875 0.01416015625 0.043701171875
10 0.392578125 0.425048828125 0.02001953125 0.039794921875
12 0.369384765625 0.422607421875 0.019287109375 0.043212890625
2 0.370361328125 0.3486328125 0.019775390625 0.039794921875
4 0.324462890625 0.3486328125 0.02001953125 0.034423828125
1 0.310546875 0.349365234375 0.01123046875 0.0400390625
9 0.29150390625 0.35009765625 0.02099609375 0.039794921875