7 0.34130859375 0.780517578125 0.013671875 0.0390625
4 0.35693359375 0.780517578125 0.013671875 0.041259765625
10 0.309326171875 0.823486328125 0.013671875 0.041748046875
23 0.287841796875 0.82421875 0.01513671875 0.03759765625
32 0.314208984375 0.867431640625 0.029296875 0.042724609375
17 0.341796875 0.865234375 0.02197265625 0.041748046875
14 0.365966796875 0.866943359375 0.02099609375 0.042724609375
14 0.387939453125 0.8662109375 0.018798828125 0.04052734375
14 0.4306640625 0.8662109375 0.017578125 0.04052734375
14 0.588623046875 0.86376953125 0.020751953125 0.04052734375
27 0.6103515625 0.862060546875 0.020263671875 0.041748046875
21 0.409912109375 0.863525390625 0.016357421875 0.04638671875
13 0.4521484375 0.86572265625 0.02197265625 0.0458984375
21 0.4951171875 0.8623046875 0.01904296875 0.04736328125
24 0.516845703125 0.863525390625 0.01953125 0.043212890625
10 0.54052734375 0.861572265625 0.02001953125 0.042724609375
13 0.564453125 0.862060546875 0.02099609375 0.043701171875
5 0.378662109375 0.78125 0.016357421875 0.04541015625
8 0.470947265625 0.78271484375 0.015625 0.04052734375
3 0.48974609375 0.779296875 0.01611328125 0.041748046875
5 0.509033203125 0.77978515625 0.018798828125 0.043701171875
0 0.529296875 0.779296875 0.015625 0.04052734375
2 0.597412109375 0.77783203125 0.01708984375 0.03857421875
2 0.64697265625 0.77587890625 0.01806640625 0.0400390625
1 0.631103515625 0.77734375 0.01025390625 0.035400390625
23 0.700927734375 0.672119140625 0.03369140625 0.0478515625
10 0.772705078125 0.672607421875 0.02783203125 0.044921875
10 0.50927734375 0.674072265625 0.030029296875 0.052001953125
23 0.45263671875 0.674560546875 0.02685546875 0.050048828125
12 0.451904296875 0.616943359375 0.026123046875 0.051513671875
14 0.5009765625 0.615966796875 0.0234375 0.051513671875
4 0.477294921875 0.6162109375 0.02001953125 0.050048828125
2 0.523193359375 0.6162109375 0.016357421875 0.05322265625
5 0.545654296875 0.615966796875 0.02099609375 0.0537109375
5 0.614501953125 0.61767578125 0.01953125 0.051513671875
3 0.5693359375 0.616455078125 0.020751953125 0.052490234375
3 0.71435546875 0.614501953125 0.01611328125 0.052490234375
9 0.762939453125 0.615478515625 0.020263671875 0.0537109375
9 0.789306640625 0.614990234375 0.018310546875 0.051513671875
8 0.8134765625 0.61328125 0.02197265625 0.049560546875
14 0.688720703125 0.614990234375 0.018310546875 0.051513671875
5 0.73828125 0.61474609375 0.018310546875 0.052001953125
3 0.665771484375 0.614501953125 0.018798828125 0.05322265625
0 0.615966796875 0.77685546875 0.01513671875 0.041259765625
9 0.291259765625 0.350830078125 0.021484375 0.035888671875
9 0.712158203125 0.42626953125 0.016845703125 0.04833984375
16 0.34814453125 0.349609375 0.022705078125 0.03759765625
29 0.4150390625 0.42333984375 0.017578125 0.043212890625
12 0.367919921875 0.42236328125 0.022216796875 0.046875
12 0.55517578125 0.42431640625 0.01953125 0.041259765625
16 0.531494140625 0.425048828125 0.01904296875 0.044921875
20 0.5771484375 0.425048828125 0.018798828125 0.0458984375
25 0.623291015625 0.4248046875 0.02001953125 0.041259765625
23 0.6005859375 0.42333984375 0.01904296875 0.043212890625
0 0.669189453125 0.42333984375 0.02001953125 0.049560546875
1 0.69091796875 0.424072265625 0.017578125 0.043701171875
10 0.39208984375 0.423095703125 0.018310546875 0.0458984375
9 0.46240234375 0.421875 0.018310546875 0.044921875
4 0.5078125 0.4228515625 0.02099609375 0.043212890625
2 0.7373046875 0.4248046875 0.02197265625 0.04833984375
1 0.310302734375 0.349365234375 0.01171875 0.0380859375
4 0.323974609375 0.348388671875 0.016845703125 0.033447265625