16 0.34814453125 0.35009765625 0.0244140625 0.03955078125
29 0.41552734375 0.4228515625 0.01904296875 0.04052734375
20 0.576904296875 0.425048828125 0.01953125 0.046142578125
23 0.60009765625 0.4248046875 0.02294921875 0.054443359375
25 0.62353515625 0.42431640625 0.01904296875 0.045654296875
16 0.53173828125 0.42431640625 0.0205078125 0.04736328125
12 0.5546875 0.426025390625 0.017822265625 0.048095703125
10 0.3916015625 0.42626953125 0.019287109375 0.0458984375
12 0.36865234375 0.422607421875 0.02001953125 0.041015625
9 0.462158203125 0.422119140625 0.0185546875 0.045166015625
4 0.5068359375 0.423583984375 0.019775390625 0.0458984375