19 0.149169921875 0.32470703125 0.01318359375 0.030517578125
19 0.188232421875 0.323974609375 0.012939453125 0.031982421875
19 0.25537109375 0.319580078125 0.0126953125 0.03173828125
19 0.17724609375 0.47119140625 0.012451171875 0.02685546875
19 0.17236328125 0.539794921875 0.012451171875 0.03125
12 0.160888671875 0.3232421875 0.01416015625 0.029296875
11 0.17431640625 0.325927734375 0.015380859375 0.030517578125
28 0.200439453125 0.32373046875 0.013916015625 0.030029296875
15 0.2412109375 0.3232421875 0.01513671875 0.034912109375
16 0.267578125 0.319580078125 0.015625 0.030517578125
13 0.164794921875 0.47021484375 0.0146484375 0.0302734375
30 0.307373046875 0.47021484375 0.013916015625 0.034423828125
17 0.235107421875 0.5419921875 0.0146484375 0.0283203125
29 0.260009765625 0.540283203125 0.01220703125 0.030517578125
15 0.287109375 0.540283203125 0.019287109375 0.031982421875
28 0.18359375 0.53857421875 0.014404296875 0.02734375
33 0.46142578125 0.3916015625 0.01513671875 0.032958984375
31 0.504150390625 0.390869140625 0.015380859375 0.034423828125
27 0.565185546875 0.38818359375 0.01806640625 0.031982421875
14 0.447509765625 0.392333984375 0.0166015625 0.0302734375