19 0.1474609375 0.32568359375 0.012939453125 0.0302734375
12 0.16064453125 0.323486328125 0.013427734375 0.029541015625
11 0.174072265625 0.323486328125 0.012451171875 0.031982421875
19 0.1875 0.32080078125 0.011962890625 0.031982421875
28 0.2001953125 0.32275390625 0.013427734375 0.0341796875
15 0.240234375 0.321044921875 0.015625 0.033447265625
19 0.2548828125 0.3203125 0.01220703125 0.033203125
16 0.26806640625 0.3193359375 0.01611328125 0.033935546875
14 0.446533203125 0.39111328125 0.0126953125 0.03369140625
33 0.461181640625 0.39111328125 0.013671875 0.03271484375
12 0.47509765625 0.390625 0.012939453125 0.03173828125
10 0.489501953125 0.390625 0.015869140625 0.03271484375
31 0.50537109375 0.389892578125 0.016357421875 0.033935546875
10 0.520263671875 0.390380859375 0.014892578125 0.030029296875
29 0.53466796875 0.387451171875 0.012939453125 0.030517578125
24 0.54931640625 0.38720703125 0.0126953125 0.032470703125
27 0.56396484375 0.386962890625 0.014404296875 0.03076171875
13 0.16357421875 0.471923828125 0.016357421875 0.029296875
19 0.17724609375 0.469970703125 0.013427734375 0.031494140625
19 0.17236328125 0.540283203125 0.011474609375 0.030029296875
28 0.184326171875 0.540283203125 0.01220703125 0.030029296875
17 0.23486328125 0.540283203125 0.01318359375 0.030029296875
13 0.2470703125 0.540283203125 0.01220703125 0.030029296875
29 0.259521484375 0.541015625 0.012451171875 0.027587890625
9 0.337646484375 0.3173828125 0.014892578125 0.02978515625
8 0.18212890625 0.400146484375 0.013427734375 0.036865234375
6 0.403564453125 0.4677734375 0.017578125 0.03076171875
5 0.25537109375 0.609619140625 0.013427734375 0.025390625
4 0.240234375 0.47119140625 0.013671875 0.029052734375