14 0.446533203125 0.390625 0.01318359375 0.03076171875
33 0.4619140625 0.3896484375 0.013671875 0.03173828125
12 0.477294921875 0.390625 0.013671875 0.033935546875
10 0.4892578125 0.39013671875 0.014404296875 0.026611328125
10 0.521240234375 0.388427734375 0.0146484375 0.032958984375
31 0.505126953125 0.389404296875 0.01416015625 0.03125
19 0.147216796875 0.325927734375 0.013671875 0.033447265625
19 0.187744140625 0.322021484375 0.010986328125 0.031005859375
19 0.25537109375 0.3212890625 0.01171875 0.02978515625
16 0.267822265625 0.3193359375 0.0146484375 0.031494140625
11 0.173583984375 0.323486328125 0.012939453125 0.031494140625
12 0.1611328125 0.324462890625 0.01171875 0.02783203125
28 0.20068359375 0.322998046875 0.012451171875 0.032958984375
9 0.337890625 0.318359375 0.013671875 0.032470703125
13 0.1640625 0.472412109375 0.012451171875 0.027587890625
19 0.17724609375 0.472412109375 0.0126953125 0.031494140625
19 0.172119140625 0.5400390625 0.012451171875 0.02783203125
17 0.23486328125 0.541259765625 0.0126953125 0.02685546875
13 0.247802734375 0.54248046875 0.0126953125 0.029296875
29 0.260986328125 0.54150390625 0.012939453125 0.03125
15 0.287109375 0.541259765625 0.01513671875 0.0302734375
24 0.54931640625 0.388916015625 0.0146484375 0.030029296875
27 0.56396484375 0.386962890625 0.01416015625 0.032470703125
29 0.53369140625 0.387451171875 0.010986328125 0.02978515625
15 0.2412109375 0.32177734375 0.01416015625 0.02978515625
30 0.307861328125 0.470458984375 0.013427734375 0.028564453125
2 0.156005859375 0.39990234375 0.015380859375 0.030517578125
2 0.21337890625 0.322265625 0.015380859375 0.033203125
3 0.228271484375 0.322021484375 0.01220703125 0.0322265625
4 0.2958984375 0.3203125 0.013916015625 0.03564453125
4 0.3232421875 0.318115234375 0.01318359375 0.031982421875
8 0.367431640625 0.316162109375 0.017822265625 0.03271484375
6 0.33544921875 0.394287109375 0.02001953125 0.0341796875
6 0.404296875 0.467529296875 0.015869140625 0.030517578125
6 0.494873046875 0.5400390625 0.01513671875 0.02783203125
1 0.254150390625 0.46875 0.008056640625 0.029052734375
1 0.32080078125 0.3935546875 0.00732421875 0.03271484375
1 0.195556640625 0.39892578125 0.009521484375 0.03125
2 0.451904296875 0.5400390625 0.015380859375 0.03076171875
0 0.467529296875 0.542236328125 0.013427734375 0.033203125
1 0.481201171875 0.539794921875 0.008544921875 0.03125
28 0.18408203125 0.541015625 0.01513671875 0.02783203125
2 0.19580078125 0.541259765625 0.011474609375 0.0302734375
3 0.208740234375 0.53955078125 0.012451171875 0.03369140625
5 0.22265625 0.541259765625 0.01220703125 0.033203125
4 0.274169921875 0.541748046875 0.01220703125 0.0361328125
9 0.205810546875 0.608154296875 0.0126953125 0.03173828125
1 0.178955078125 0.607421875 0.00927734375 0.025390625
0 0.268310546875 0.60986328125 0.015625 0.0263671875
5 0.254638671875 0.609619140625 0.01416015625 0.029052734375
3 0.1904296875 0.471435546875 0.01220703125 0.03076171875
4 0.241455078125 0.47119140625 0.015380859375 0.0322265625
8 0.18212890625 0.39990234375 0.01220703125 0.029052734375
4 0.2666015625 0.469970703125 0.0126953125 0.030517578125
5 0.294189453125 0.46923828125 0.013916015625 0.031005859375
5 0.36181640625 0.468505859375 0.013427734375 0.032470703125
5 0.374755859375 0.468505859375 0.0146484375 0.031494140625
1 0.388427734375 0.468505859375 0.008056640625 0.0302734375
4 0.33544921875 0.469482421875 0.013671875 0.02978515625
0 0.3076171875 0.39599609375 0.01416015625 0.033935546875
2 0.2822265625 0.31787109375 0.01220703125 0.03369140625