27 0.322021484375 0.271484375 0.02880859375 0.0517578125
27 0.35888671875 0.32666015625 0.033447265625 0.05419921875
35 0.390869140625 0.3291015625 0.031982421875 0.05615234375
15 0.452392578125 0.329345703125 0.026123046875 0.0546875
14 0.486083984375 0.331298828125 0.02880859375 0.054443359375
35 0.3544921875 0.269775390625 0.030517578125 0.0546875
23 0.3876953125 0.268798828125 0.028076171875 0.053955078125
27 0.516357421875 0.274169921875 0.02685546875 0.051513671875
29 0.580810546875 0.2744140625 0.0234375 0.054931640625
27 0.611572265625 0.278076171875 0.02734375 0.055908203125
22 0.641845703125 0.27734375 0.032470703125 0.0546875
13 0.673095703125 0.279296875 0.029052734375 0.055908203125
20 0.70361328125 0.2783203125 0.025634765625 0.05517578125
26 0.73583984375 0.28125 0.02880859375 0.054931640625
19 0.326904296875 0.3857421875 0.028564453125 0.05078125
30 0.483642578125 0.386474609375 0.031494140625 0.0576171875
23 0.51611328125 0.38818359375 0.02734375 0.0595703125
14 0.544921875 0.387451171875 0.02734375 0.055419921875
32 0.32763671875 0.5498046875 0.03466796875 0.04638671875
25 0.329833984375 0.60546875 0.02978515625 0.052490234375
15 0.45361328125 0.4970703125 0.02490234375 0.053466796875
10 0.451171875 0.5546875 0.031494140625 0.052978515625
31 0.517578125 0.600830078125 0.026123046875 0.0478515625
23 0.454345703125 0.604736328125 0.03125 0.053955078125
29 0.357421875 0.3857421875 0.026123046875 0.054931640625