27 0.31982421875 0.269775390625 0.029541015625 0.055419921875
27 0.359375 0.326416015625 0.027587890625 0.055419921875
35 0.388671875 0.32958984375 0.030029296875 0.051513671875
15 0.4501953125 0.327392578125 0.0234375 0.052001953125
14 0.48388671875 0.332763671875 0.030517578125 0.056640625
14 0.544921875 0.388671875 0.025634765625 0.053955078125
23 0.515869140625 0.388916015625 0.02490234375 0.0546875
30 0.484130859375 0.387451171875 0.030029296875 0.047607421875
35 0.355712890625 0.2705078125 0.027587890625 0.055419921875
23 0.388671875 0.27197265625 0.031005859375 0.053466796875
1 0.421142578125 0.2705078125 0.01953125 0.045166015625
1 0.45263671875 0.3876953125 0.0205078125 0.047119140625
29 0.35888671875 0.384765625 0.026611328125 0.05029296875
19 0.32666015625 0.3857421875 0.030517578125 0.05078125
9 0.484130859375 0.27490234375 0.028076171875 0.052734375
27 0.515380859375 0.276123046875 0.028564453125 0.056640625
27 0.61181640625 0.276611328125 0.028076171875 0.052001953125
29 0.5830078125 0.273681640625 0.02392578125 0.055419921875
22 0.64306640625 0.275634765625 0.029541015625 0.056640625
13 0.671875 0.277099609375 0.028076171875 0.055908203125
20 0.703369140625 0.2783203125 0.029052734375 0.05859375
0 0.736328125 0.279296875 0.0244140625 0.055419921875
3 0.768798828125 0.28076171875 0.028076171875 0.055419921875
3 0.76171875 0.39208984375 0.02294921875 0.0546875
3 0.701416015625 0.3935546875 0.025146484375 0.049560546875
9 0.733154296875 0.335693359375 0.029541015625 0.047119140625
4 0.763671875 0.334228515625 0.026611328125 0.043212890625
2 0.669921875 0.338134765625 0.026123046875 0.05859375
3 0.422119140625 0.386962890625 0.030029296875 0.052001953125
7 0.388427734375 0.386962890625 0.027587890625 0.052001953125
9 0.57666015625 0.388916015625 0.027099609375 0.047119140625
0 0.63916015625 0.388671875 0.026611328125 0.04638671875
6 0.70263671875 0.3359375 0.026611328125 0.053955078125
6 0.82080078125 0.39013671875 0.026611328125 0.047119140625
5 0.359375 0.49853515625 0.026611328125 0.05029296875
5 0.360595703125 0.555419921875 0.0244140625 0.052001953125
1 0.3916015625 0.607421875 0.015625 0.048828125
1 0.3583984375 0.605712890625 0.02099609375 0.049560546875
1 0.515380859375 0.552734375 0.014404296875 0.045166015625
31 0.51611328125 0.602294921875 0.031005859375 0.051513671875
9 0.572021484375 0.60498046875 0.028564453125 0.047119140625
8 0.60595703125 0.602294921875 0.025634765625 0.051513671875
32 0.328125 0.5517578125 0.03857421875 0.049560546875
25 0.328369140625 0.60498046875 0.028564453125 0.05078125
15 0.451416015625 0.496826171875 0.025634765625 0.047607421875
10 0.45263671875 0.552001953125 0.026123046875 0.047607421875
23 0.455078125 0.60595703125 0.028076171875 0.04248046875
24 0.484619140625 0.6025390625 0.027099609375 0.04443359375
10 0.546142578125 0.553955078125 0.029052734375 0.045166015625
8 0.396484375 0.49853515625 0.03662109375 0.048828125
6 0.392333984375 0.55078125 0.028564453125 0.045166015625
1 0.5146484375 0.499267578125 0.014892578125 0.045166015625