27 0.3212890625 0.27099609375 0.03173828125 0.057861328125
27 0.35888671875 0.327880859375 0.032958984375 0.050048828125
27 0.516845703125 0.274169921875 0.030029296875 0.059326171875
27 0.612548828125 0.27685546875 0.02734375 0.05810546875
35 0.38916015625 0.328857421875 0.026123046875 0.058837890625
35 0.35498046875 0.269287109375 0.03173828125 0.059814453125
23 0.388671875 0.271728515625 0.0302734375 0.057861328125
30 0.48486328125 0.3876953125 0.03369140625 0.061279296875
23 0.51416015625 0.390625 0.029541015625 0.056884765625
14 0.5478515625 0.388671875 0.02587890625 0.056396484375
22 0.64306640625 0.27587890625 0.02880859375 0.0576171875
13 0.67236328125 0.278564453125 0.029541015625 0.056396484375
20 0.70458984375 0.277099609375 0.025146484375 0.053466796875
26 0.734375 0.27783203125 0.027099609375 0.050048828125
19 0.32666015625 0.387451171875 0.026611328125 0.05078125
29 0.35888671875 0.38623046875 0.032958984375 0.05810546875
32 0.327392578125 0.549560546875 0.03662109375 0.054443359375
25 0.328369140625 0.606689453125 0.03466796875 0.05224609375
31 0.51611328125 0.60009765625 0.02880859375 0.052001953125
24 0.4853515625 0.60205078125 0.032470703125 0.05419921875
23 0.45361328125 0.60400390625 0.034912109375 0.048583984375
29 0.58203125 0.274169921875 0.029052734375 0.060791015625
15 0.450927734375 0.33056640625 0.026123046875 0.060302734375
14 0.484130859375 0.33154296875 0.0283203125 0.05224609375
3 0.324951171875 0.330078125 0.0322265625 0.052978515625
3 0.72998046875 0.391845703125 0.024169921875 0.05224609375
3 0.76123046875 0.39013671875 0.027099609375 0.058837890625
3 0.700439453125 0.393310546875 0.0263671875 0.0556640625
2 0.672119140625 0.338134765625 0.02880859375 0.058349609375
2 0.79052734375 0.39013671875 0.02294921875 0.056396484375
6 0.705322265625 0.3369140625 0.024658203125 0.051025390625
6 0.819091796875 0.39111328125 0.030029296875 0.058349609375
9 0.734130859375 0.33544921875 0.02880859375 0.050537109375
26 0.73388671875 0.279296875 0.03173828125 0.05224609375
4 0.76611328125 0.336669921875 0.03125 0.045654296875
9 0.577880859375 0.39013671875 0.03125 0.058837890625
0 0.609375 0.388427734375 0.029296875 0.05810546875
3 0.4228515625 0.38916015625 0.0302734375 0.066650390625
7 0.38916015625 0.38623046875 0.02783203125 0.053466796875
1 0.454833984375 0.390380859375 0.014892578125 0.054443359375
9 0.484130859375 0.27294921875 0.032470703125 0.054443359375
4 0.451904296875 0.2705078125 0.029296875 0.054443359375
8 0.39208984375 0.497802734375 0.026611328125 0.054443359375
15 0.450439453125 0.497802734375 0.0283203125 0.04931640625
10 0.45361328125 0.550048828125 0.027099609375 0.040283203125
9 0.57421875 0.6064453125 0.029296875 0.054443359375
8 0.607421875 0.60400390625 0.03271484375 0.054443359375
6 0.3935546875 0.55419921875 0.027587890625 0.053466796875
1 0.39111328125 0.606201171875 0.028076171875 0.046630859375
1 0.514892578125 0.49853515625 0.01611328125 0.055908203125
5 0.361572265625 0.497802734375 0.026611328125 0.059326171875
5 0.3603515625 0.555908203125 0.02783203125 0.046875
1 0.3603515625 0.609130859375 0.0166015625 0.0498046875
0 0.327392578125 0.496337890625 0.02880859375 0.053955078125
0 0.640380859375 0.39111328125 0.0322265625 0.055908203125
3 0.766845703125 0.27783203125 0.025390625 0.053955078125
1 0.42236328125 0.274169921875 0.02587890625 0.056884765625