27 0.3203125 0.268310546875 0.034912109375 0.05712890625
27 0.359619140625 0.3291015625 0.030517578125 0.05419921875
35 0.35693359375 0.271728515625 0.02490234375 0.0546875
35 0.39013671875 0.331787109375 0.026123046875 0.057861328125
23 0.389892578125 0.271240234375 0.03125 0.058837890625
15 0.451171875 0.329345703125 0.030517578125 0.05322265625
14 0.484130859375 0.33251953125 0.02685546875 0.055908203125
29 0.358642578125 0.384765625 0.024658203125 0.058349609375
19 0.32763671875 0.38525390625 0.029052734375 0.0556640625
30 0.482666015625 0.3857421875 0.031005859375 0.05322265625
23 0.51513671875 0.387451171875 0.026123046875 0.052734375
14 0.545166015625 0.389892578125 0.02685546875 0.055419921875
32 0.32958984375 0.55029296875 0.0341796875 0.048583984375
25 0.32763671875 0.605712890625 0.029052734375 0.05029296875
31 0.516845703125 0.603271484375 0.022705078125 0.047607421875
24 0.486328125 0.6044921875 0.03125 0.055419921875
23 0.454833984375 0.603271484375 0.025390625 0.05322265625
10 0.544921875 0.553466796875 0.025146484375 0.0478515625
10 0.45263671875 0.550537109375 0.02783203125 0.0478515625
15 0.4501953125 0.4951171875 0.027099609375 0.04931640625
9 0.576171875 0.389892578125 0.029296875 0.05224609375
7 0.39208984375 0.387939453125 0.023193359375 0.0576171875
6 0.39111328125 0.553466796875 0.02978515625 0.049560546875
5 0.361572265625 0.5517578125 0.02587890625 0.04833984375
3 0.32373046875 0.32666015625 0.031005859375 0.05322265625