15 0.3173828125 0.4443359375 0.03759765625 0.075439453125
2 0.361572265625 0.447509765625 0.03564453125 0.067626953125
2 0.57958984375 0.46142578125 0.03466796875 0.072265625
2 0.687744140625 0.708251953125 0.03759765625 0.064697265625
0 0.7294921875 0.7109375 0.0322265625 0.071533203125
0 0.78955078125 0.598876953125 0.044921875 0.116943359375
9 0.732177734375 0.592041015625 0.043212890625 0.106201171875
6 0.80859375 0.7158203125 0.0322265625 0.066162109375
10 0.469970703125 0.45703125 0.042724609375 0.0654296875
1 0.396484375 0.449462890625 0.023681640625 0.071533203125
4 0.670654296875 0.586181640625 0.046142578125 0.09912109375
4 0.616943359375 0.58251953125 0.040283203125 0.100830078125