22 0.499755859375 0.439697265625 0.027587890625 0.040283203125
14 0.5224609375 0.44140625 0.022216796875 0.045166015625
33 0.5458984375 0.440673828125 0.021728515625 0.045166015625
18 0.5595703125 0.439208984375 0.010986328125 0.04248046875
12 0.575927734375 0.44140625 0.0205078125 0.045166015625
24 0.597412109375 0.441650390625 0.024658203125 0.04150390625
16 0.44921875 0.27587890625 0.0283203125 0.044677734375
11 0.488525390625 0.276123046875 0.02294921875 0.046875
27 0.535888671875 0.23046875 0.01953125 0.0419921875
28 0.513916015625 0.22802734375 0.02197265625 0.037353515625
28 0.567626953125 0.279052734375 0.02587890625 0.0478515625
5 0.556396484375 0.228515625 0.02197265625 0.041748046875
5 0.594970703125 0.27685546875 0.023681640625 0.048828125
2 0.62109375 0.28125 0.0244140625 0.041748046875
0 0.5166015625 0.27880859375 0.02490234375 0.048583984375
0 0.611083984375 0.379638671875 0.029052734375 0.043701171875
2 0.509521484375 0.37744140625 0.01953125 0.048095703125
2 0.58642578125 0.379150390625 0.020263671875 0.042724609375
1 0.57275390625 0.37744140625 0.00830078125 0.03662109375
6 0.555419921875 0.379150390625 0.0185546875 0.04248046875
4 0.465576171875 0.37451171875 0.022705078125 0.04248046875
3 0.4873046875 0.37646484375 0.01806640625 0.04443359375
1 0.470458984375 0.27587890625 0.013671875 0.047119140625
3 0.54345703125 0.27685546875 0.023681640625 0.044677734375