28 0.513916015625 0.22900390625 0.0224609375 0.04052734375
27 0.53515625 0.2294921875 0.0185546875 0.03857421875
16 0.451171875 0.2744140625 0.027587890625 0.044189453125
11 0.488037109375 0.276123046875 0.02294921875 0.046142578125
22 0.5009765625 0.4384765625 0.023681640625 0.0380859375
14 0.5234375 0.440185546875 0.01953125 0.0400390625
33 0.545166015625 0.44091796875 0.018310546875 0.04052734375
18 0.560302734375 0.44140625 0.009521484375 0.042724609375
12 0.574951171875 0.442626953125 0.019775390625 0.04248046875
24 0.597900390625 0.44189453125 0.023193359375 0.042236328125
7 0.5703125 0.278564453125 0.0224609375 0.04443359375
6 0.556396484375 0.379150390625 0.02294921875 0.03759765625
5 0.556396484375 0.22998046875 0.018798828125 0.03564453125
4 0.466064453125 0.3759765625 0.019287109375 0.041748046875
3 0.48779296875 0.3759765625 0.020263671875 0.040771484375
2 0.5859375 0.379150390625 0.017578125 0.03759765625
1 0.57373046875 0.376220703125 0.00927734375 0.03466796875
24 0.60888671875 0.37744140625 0.02294921875 0.036865234375