28 0.5146484375 0.229736328125 0.019775390625 0.037109375
27 0.53564453125 0.228271484375 0.021728515625 0.041748046875
5 0.55712890625 0.227294921875 0.02197265625 0.041748046875
16 0.449951171875 0.275146484375 0.0283203125 0.04638671875
1 0.468994140625 0.2744140625 0.00927734375 0.042236328125
11 0.48779296875 0.275634765625 0.021240234375 0.04541015625
3 0.54345703125 0.278076171875 0.024658203125 0.04541015625
3 0.488037109375 0.377197265625 0.017822265625 0.039306640625
2 0.509033203125 0.377197265625 0.02001953125 0.040283203125
2 0.6201171875 0.28076171875 0.02587890625 0.04736328125
7 0.5693359375 0.27978515625 0.0224609375 0.04345703125
0 0.6103515625 0.3798828125 0.02392578125 0.0361328125
12 0.5751953125 0.441162109375 0.017333984375 0.039306640625
24 0.597900390625 0.441650390625 0.0224609375 0.041259765625
18 0.560546875 0.441162109375 0.0087890625 0.042236328125
33 0.5458984375 0.439453125 0.021240234375 0.0439453125
14 0.52392578125 0.439453125 0.018310546875 0.0458984375
22 0.500732421875 0.4404296875 0.025146484375 0.039794921875
4 0.465576171875 0.376708984375 0.021728515625 0.040283203125
6 0.55517578125 0.37841796875 0.02197265625 0.03759765625
5 0.59375 0.27978515625 0.024658203125 0.04638671875