9 0.39599609375 0.231201171875 0.020751953125 0.0654296875
9 0.56884765625 0.2265625 0.02587890625 0.06689453125
0 0.59619140625 0.224853515625 0.027587890625 0.064697265625
21 0.51318359375 0.37109375 0.029296875 0.071533203125
5 0.427978515625 0.37451171875 0.027099609375 0.070556640625
3 0.399169921875 0.375244140625 0.023681640625 0.072265625
21 0.4521484375 0.230712890625 0.023681640625 0.0751953125
15 0.421142578125 0.23388671875 0.02490234375 0.072265625
4 0.536865234375 0.22705078125 0.023681640625 0.069091796875
0 0.51123046875 0.2275390625 0.024169921875 0.071533203125
9 0.604736328125 0.70703125 0.0322265625 0.06689453125
15 0.41357421875 0.700439453125 0.02978515625 0.06982421875
21 0.45166015625 0.70556640625 0.02587890625 0.072998046875
0 0.48681640625 0.701416015625 0.037841796875 0.066162109375
9 0.375732421875 0.70458984375 0.038818359375 0.05712890625