15 0.42138671875 0.229248046875 0.023681640625 0.059814453125
21 0.450439453125 0.23046875 0.02294921875 0.08203125
21 0.51318359375 0.375 0.024658203125 0.0654296875
0 0.51123046875 0.226806640625 0.024169921875 0.063720703125
4 0.536865234375 0.228515625 0.0234375 0.065673828125
3 0.400634765625 0.37744140625 0.02294921875 0.06591796875
9 0.567626953125 0.226318359375 0.02197265625 0.06591796875
5 0.427734375 0.37451171875 0.020751953125 0.066162109375
9 0.39453125 0.229736328125 0.023193359375 0.0673828125
0 0.458251953125 0.373291015625 0.02685546875 0.0634765625
0 0.597412109375 0.227783203125 0.02099609375 0.074462890625