1 0.516357421875 0.37890625 0.0234375 0.056884765625
2 0.54296875 0.377197265625 0.027587890625 0.063232421875
2 0.656982421875 0.30029296875 0.029296875 0.0625
4 0.6962890625 0.29931640625 0.025634765625 0.063232421875
4 0.586181640625 0.2978515625 0.027587890625 0.05078125
8 0.772705078125 0.295166015625 0.034423828125 0.056396484375
0 0.7333984375 0.29638671875 0.028076171875 0.056396484375
0 0.9716796875 0.463623046875 0.029296875 0.07080078125
7 0.91015625 0.45947265625 0.033447265625 0.0654296875
7 0.55517578125 0.30126953125 0.025146484375 0.054931640625
5 0.5283203125 0.297607421875 0.0234375 0.0556640625
5 0.618896484375 0.301025390625 0.026123046875 0.0625
1 0.50390625 0.296875 0.01708984375 0.052734375
9 0.57275390625 0.44970703125 0.021484375 0.061279296875
4 0.538818359375 0.455322265625 0.034912109375 0.059814453125
0 0.60791015625 0.376708984375 0.03125 0.0654296875