33 0.407958984375 0.369384765625 0.028076171875 0.071533203125
15 0.44677734375 0.36962890625 0.033203125 0.079345703125
16 0.46142578125 0.26171875 0.03173828125 0.065673828125
6 0.53125 0.263671875 0.0302734375 0.066162109375
6 0.6025390625 0.27294921875 0.038330078125 0.072021484375
6 0.625 0.375 0.033203125 0.064697265625
6 0.695556640625 0.655029296875 0.02978515625 0.0654296875
6 0.6669921875 0.775634765625 0.033447265625 0.067138671875
7 0.511474609375 0.65234375 0.03466796875 0.069580078125
0 0.487548828125 0.371826171875 0.03369140625 0.068359375
1 0.5556640625 0.3720703125 0.0302734375 0.078125
3 0.36865234375 0.367919921875 0.03515625 0.06494140625
3 0.494140625 0.264892578125 0.025390625 0.062255859375
4 0.585693359375 0.657958984375 0.031005859375 0.0732421875
4 0.704345703125 0.77001953125 0.03466796875 0.0654296875
9 0.633056640625 0.771484375 0.031494140625 0.06787109375
8 0.594482421875 0.772216796875 0.0341796875 0.06982421875
4 0.515869140625 0.776123046875 0.03173828125 0.071044921875
5 0.478271484375 0.773681640625 0.0341796875 0.072509765625
1 0.440185546875 0.778564453125 0.029296875 0.076171875
0 0.66162109375 0.651123046875 0.03466796875 0.072021484375
12 0.5537109375 0.654296875 0.0322265625 0.064208984375
5 0.589111328125 0.370849609375 0.03759765625 0.078857421875