33 0.407470703125 0.37109375 0.0322265625 0.064208984375
15 0.445556640625 0.368408203125 0.03173828125 0.07275390625
16 0.462158203125 0.2626953125 0.03125 0.069091796875
12 0.552978515625 0.65576171875 0.034912109375 0.067138671875
4 0.585205078125 0.658447265625 0.03173828125 0.067138671875
4 0.7021484375 0.769775390625 0.033447265625 0.072021484375
8 0.59423828125 0.77197265625 0.033935546875 0.06787109375
9 0.633056640625 0.77197265625 0.0361328125 0.06787109375
6 0.667236328125 0.77001953125 0.0322265625 0.06982421875
6 0.693603515625 0.653564453125 0.033447265625 0.064208984375
1 0.43994140625 0.775146484375 0.027099609375 0.081298828125
1 0.55517578125 0.37255859375 0.028564453125 0.068603515625
0 0.523193359375 0.370361328125 0.03076171875 0.065673828125
0 0.658447265625 0.652587890625 0.032958984375 0.06787109375
7 0.50927734375 0.656005859375 0.034423828125 0.06787109375
5 0.478515625 0.776123046875 0.029052734375 0.07763671875
5 0.589599609375 0.373291015625 0.032958984375 0.06982421875
6 0.530517578125 0.265869140625 0.029052734375 0.0712890625
6 0.626953125 0.374755859375 0.033447265625 0.065673828125
3 0.494873046875 0.26513671875 0.029052734375 0.0712890625
3 0.368408203125 0.369384765625 0.035400390625 0.06640625
6 0.59912109375 0.269775390625 0.027587890625 0.070556640625
0 0.564208984375 0.266845703125 0.034912109375 0.069091796875
4 0.5146484375 0.777099609375 0.03857421875 0.07275390625