29 0.43017578125 0.473388671875 0.021484375 0.0537109375
22 0.6357421875 0.477783203125 0.0224609375 0.04736328125
0 0.517822265625 0.475341796875 0.019775390625 0.056640625
0 0.544677734375 0.6943359375 0.018310546875 0.036865234375
7 0.460693359375 0.687744140625 0.018310546875 0.033935546875
7 0.460693359375 0.7314453125 0.018798828125 0.03515625
7 0.78369140625 0.47802734375 0.019775390625 0.0537109375
4 0.72265625 0.477294921875 0.02099609375 0.05615234375
4 0.57421875 0.478759765625 0.023193359375 0.052001953125
2 0.60498046875 0.47802734375 0.0224609375 0.052490234375
2 0.433837890625 0.6005859375 0.017578125 0.037353515625
2 0.663818359375 0.478271484375 0.022705078125 0.05078125
5 0.488525390625 0.7333984375 0.01611328125 0.0361328125
5 0.48974609375 0.689208984375 0.01806640625 0.040283203125
8 0.4912109375 0.4736328125 0.018310546875 0.052001953125
1 0.4306640625 0.7763671875 0.010498046875 0.0390625
1 0.8095703125 0.4765625 0.01611328125 0.05322265625
6 0.462890625 0.6005859375 0.017578125 0.037353515625
0 0.546142578125 0.6025390625 0.0166015625 0.03857421875