22 0.636474609375 0.47509765625 0.02099609375 0.059326171875
0 0.46142578125 0.474609375 0.019287109375 0.05419921875
0 0.515869140625 0.694091796875 0.01513671875 0.037109375
5 0.489013671875 0.691162109375 0.019775390625 0.03564453125
5 0.486083984375 0.736328125 0.016357421875 0.039306640625
5 0.486328125 0.77880859375 0.02099609375 0.03857421875
6 0.4609375 0.600830078125 0.020751953125 0.0439453125
7 0.4619140625 0.689453125 0.0185546875 0.0361328125
7 0.4609375 0.731201171875 0.01806640625 0.035888671875
1 0.456787109375 0.779296875 0.01708984375 0.04052734375
2 0.433349609375 0.6005859375 0.013671875 0.048095703125
0 0.5458984375 0.603515625 0.016845703125 0.041015625
8 0.490234375 0.473876953125 0.019287109375 0.052978515625
29 0.428955078125 0.472412109375 0.01953125 0.05419921875
4 0.576904296875 0.476806640625 0.021484375 0.053955078125
4 0.720703125 0.47705078125 0.02197265625 0.06005859375
2 0.752197265625 0.481689453125 0.021484375 0.06494140625
2 0.661865234375 0.476318359375 0.02001953125 0.053955078125
2 0.60400390625 0.477783203125 0.02490234375 0.048095703125
7 0.781982421875 0.477294921875 0.021240234375 0.060546875
1 0.80859375 0.478759765625 0.01953125 0.053466796875
0 0.545654296875 0.47900390625 0.023193359375 0.060546875