32 0.35205078125 0.474609375 0.021484375 0.056396484375
22 0.3779296875 0.473388671875 0.027099609375 0.0537109375
22 0.63525390625 0.477294921875 0.02685546875 0.0556640625
29 0.4267578125 0.472412109375 0.0234375 0.058349609375
10 0.39892578125 0.47509765625 0.020751953125 0.054931640625
8 0.491455078125 0.47607421875 0.022216796875 0.05322265625
0 0.69189453125 0.47802734375 0.0244140625 0.055908203125
2 0.66357421875 0.478271484375 0.01904296875 0.056396484375
7 0.781982421875 0.476806640625 0.020263671875 0.053466796875
1 0.81201171875 0.477294921875 0.019775390625 0.054443359375
4 0.721923828125 0.478515625 0.024169921875 0.052001953125
6 0.46044921875 0.6025390625 0.022705078125 0.037841796875
7 0.4609375 0.687255859375 0.01708984375 0.04052734375
7 0.46142578125 0.73046875 0.01611328125 0.035400390625
1 0.45703125 0.777099609375 0.01171875 0.038818359375
1 0.43115234375 0.777099609375 0.016845703125 0.033935546875
5 0.48779296875 0.77734375 0.016845703125 0.039306640625
5 0.48876953125 0.7333984375 0.015869140625 0.041259765625
0 0.51611328125 0.691162109375 0.01611328125 0.03857421875
0 0.51708984375 0.599609375 0.01904296875 0.03857421875
4 0.57666015625 0.47607421875 0.017822265625 0.05224609375