29 0.42919921875 0.473388671875 0.023193359375 0.053466796875
8 0.4912109375 0.474853515625 0.02392578125 0.056396484375
22 0.6357421875 0.474853515625 0.025390625 0.0546875
7 0.782470703125 0.4765625 0.0205078125 0.055908203125
22 0.3779296875 0.473388671875 0.02490234375 0.0517578125
32 0.349853515625 0.471923828125 0.028076171875 0.05224609375
10 0.40087890625 0.476318359375 0.022216796875 0.052001953125
6 0.4638671875 0.600830078125 0.01904296875 0.03564453125
7 0.4609375 0.6875 0.017333984375 0.04052734375
0 0.542236328125 0.78173828125 0.021484375 0.033935546875
4 0.576416015625 0.474365234375 0.0205078125 0.0556640625