13 0.434326171875 0.35791015625 0.020263671875 0.0439453125
21 0.565185546875 0.360595703125 0.0205078125 0.04638671875
15 0.58935546875 0.363037109375 0.01904296875 0.0458984375
21 0.610107421875 0.3642578125 0.0224609375 0.044921875
9 0.405029296875 0.452392578125 0.021728515625 0.04345703125
6 0.4931640625 0.455078125 0.017333984375 0.0419921875
5 0.599853515625 0.457275390625 0.024658203125 0.044677734375
3 0.502197265625 0.35986328125 0.021484375 0.041259765625
8 0.479736328125 0.358642578125 0.019775390625 0.0439453125
4 0.52490234375 0.36083984375 0.02099609375 0.04345703125
2 0.64208984375 0.45703125 0.021484375 0.046142578125
1 0.654052734375 0.363037109375 0.009765625 0.04296875