13 0.43359375 0.358154296875 0.021484375 0.04541015625
0 0.45654296875 0.359619140625 0.021484375 0.042236328125
8 0.47998046875 0.359130859375 0.020751953125 0.04736328125
4 0.52587890625 0.3623046875 0.02197265625 0.0400390625
6 0.51416015625 0.455078125 0.020263671875 0.0400390625
6 0.4921875 0.45361328125 0.01953125 0.04052734375
9 0.4033203125 0.4541015625 0.02001953125 0.04541015625
15 0.5888671875 0.362060546875 0.018310546875 0.043701171875
5 0.60009765625 0.456298828125 0.02099609375 0.041748046875
5 0.55810546875 0.455810546875 0.017578125 0.041748046875
3 0.502197265625 0.359375 0.017578125 0.044921875
1 0.655029296875 0.36474609375 0.012939453125 0.043701171875
1 0.4267578125 0.4541015625 0.01416015625 0.0400390625
21 0.566162109375 0.363037109375 0.01953125 0.041748046875
21 0.60986328125 0.36474609375 0.01806640625 0.04052734375
1 0.578857421875 0.456298828125 0.01513671875 0.042724609375
0 0.469482421875 0.454345703125 0.01904296875 0.03955078125
2 0.642333984375 0.45556640625 0.02099609375 0.043212890625