13 0.4326171875 0.3603515625 0.023193359375 0.0498046875
21 0.564697265625 0.36474609375 0.023193359375 0.042724609375
15 0.58984375 0.36181640625 0.019287109375 0.049560546875
21 0.61181640625 0.36474609375 0.019287109375 0.04931640625
1 0.426025390625 0.455322265625 0.014404296875 0.042236328125
2 0.5361328125 0.455810546875 0.019287109375 0.04443359375
0 0.3564453125 0.451904296875 0.025390625 0.049072265625
3 0.50341796875 0.362548828125 0.0185546875 0.051025390625
4 0.52587890625 0.362060546875 0.024169921875 0.042236328125
6 0.491943359375 0.45458984375 0.02001953125 0.042236328125
8 0.478759765625 0.361083984375 0.0234375 0.0458984375
9 0.402587890625 0.452880859375 0.022705078125 0.04296875
5 0.449462890625 0.4541015625 0.01953125 0.04931640625
5 0.633056640625 0.36328125 0.0224609375 0.0478515625
1 0.621337890625 0.45556640625 0.012451171875 0.046142578125
1 0.65478515625 0.364990234375 0.016357421875 0.047119140625
1 0.57568359375 0.457763671875 0.016845703125 0.0439453125
5 0.59912109375 0.455810546875 0.020751953125 0.0419921875
2 0.643798828125 0.457763671875 0.0224609375 0.046142578125
5 0.556640625 0.457275390625 0.01806640625 0.044921875
6 0.513427734375 0.455322265625 0.020263671875 0.04541015625
6 0.381103515625 0.45361328125 0.019287109375 0.05078125
0 0.470947265625 0.45263671875 0.016357421875 0.044189453125