13 0.433349609375 0.357421875 0.02587890625 0.0400390625
21 0.565673828125 0.363525390625 0.02099609375 0.048095703125
21 0.61181640625 0.36572265625 0.020263671875 0.04248046875
15 0.5908203125 0.362548828125 0.019287109375 0.046142578125
0 0.45654296875 0.35986328125 0.02197265625 0.045654296875
8 0.48095703125 0.358642578125 0.020751953125 0.0419921875
9 0.4052734375 0.453125 0.020751953125 0.0458984375
6 0.380615234375 0.452880859375 0.020751953125 0.049072265625
1 0.424560546875 0.454345703125 0.014404296875 0.0498046875
5 0.44677734375 0.454345703125 0.022705078125 0.045166015625
5 0.557373046875 0.455810546875 0.020751953125 0.04345703125
5 0.599365234375 0.456298828125 0.021728515625 0.040283203125
6 0.513671875 0.45361328125 0.020263671875 0.039306640625
6 0.49267578125 0.455078125 0.021484375 0.04345703125
1 0.655517578125 0.364013671875 0.012451171875 0.043701171875
5 0.634765625 0.3623046875 0.017578125 0.046142578125
3 0.50341796875 0.36083984375 0.018798828125 0.043212890625
4 0.52490234375 0.361328125 0.020263671875 0.04296875
2 0.53564453125 0.454345703125 0.01708984375 0.04296875
1 0.5771484375 0.454833984375 0.01318359375 0.04833984375