17 0.294677734375 0.331298828125 0.02783203125 0.0458984375
29 0.379638671875 0.434814453125 0.0302734375 0.06689453125
17 0.542236328125 0.439208984375 0.02490234375 0.061279296875
14 0.57666015625 0.4404296875 0.024169921875 0.061767578125
11 0.605712890625 0.438232421875 0.024658203125 0.0615234375
33 0.637939453125 0.440185546875 0.02294921875 0.05908203125
34 0.669677734375 0.4375 0.022705078125 0.064453125
12 0.314453125 0.4375 0.0283203125 0.064453125
10 0.347412109375 0.43994140625 0.0263671875 0.06298828125
9 0.44677734375 0.434814453125 0.027099609375 0.06689453125
8 0.240478515625 0.3349609375 0.026123046875 0.048583984375
3 0.793701171875 0.439697265625 0.02685546875 0.074951171875
5 0.335693359375 0.780029296875 0.021484375 0.035888671875
7 0.3935546875 0.782470703125 0.01953125 0.036376953125
6 0.411376953125 0.779052734375 0.019775390625 0.037841796875