8 0.23974609375 0.333251953125 0.0234375 0.0537109375
8 0.26513671875 0.333984375 0.02294921875 0.052001953125
8 0.509033203125 0.436767578125 0.027099609375 0.0634765625
8 0.825439453125 0.43896484375 0.027099609375 0.06982421875
17 0.294677734375 0.33251953125 0.03369140625 0.052001953125
17 0.54248046875 0.435791015625 0.0263671875 0.072998046875
11 0.604248046875 0.439453125 0.03076171875 0.0625
33 0.637451171875 0.43701171875 0.025146484375 0.064208984375
34 0.667236328125 0.435546875 0.024658203125 0.0673828125
10 0.34765625 0.438232421875 0.0263671875 0.061767578125
12 0.315185546875 0.438232421875 0.0263671875 0.056884765625
9 0.213623046875 0.334716796875 0.0205078125 0.048828125
9 0.44482421875 0.43896484375 0.031982421875 0.066650390625
29 0.381103515625 0.436279296875 0.0234375 0.0625
8 0.47607421875 0.43798828125 0.0283203125 0.065673828125
14 0.572265625 0.4375 0.024658203125 0.06005859375
3 0.297119140625 0.70849609375 0.016845703125 0.03759765625
3 0.255615234375 0.709716796875 0.0205078125 0.03857421875
7 0.278564453125 0.70654296875 0.016845703125 0.041748046875
7 0.568359375 0.709716796875 0.019287109375 0.043212890625
0 0.528564453125 0.710205078125 0.016845703125 0.039306640625
2 0.510009765625 0.71044921875 0.011962890625 0.041748046875
2 0.373291015625 0.7802734375 0.01513671875 0.03857421875
7 0.392578125 0.779052734375 0.016357421875 0.041015625
6 0.355224609375 0.779052734375 0.016357421875 0.0361328125
6 0.412109375 0.77978515625 0.019287109375 0.039306640625
5 0.335205078125 0.779052734375 0.0185546875 0.03759765625
2 0.761962890625 0.436279296875 0.024169921875 0.06884765625
0 0.41357421875 0.43701171875 0.024658203125 0.0625
1 0.73193359375 0.438720703125 0.02294921875 0.0673828125
3 0.79248046875 0.436279296875 0.0234375 0.065673828125