17 0.294189453125 0.333251953125 0.03271484375 0.05078125
17 0.54150390625 0.43896484375 0.026611328125 0.065185546875
14 0.573486328125 0.4384765625 0.027099609375 0.064453125
11 0.607421875 0.440673828125 0.02880859375 0.072265625
33 0.635986328125 0.436279296875 0.0283203125 0.06005859375
34 0.66796875 0.43701171875 0.02587890625 0.058349609375
9 0.4453125 0.438232421875 0.028564453125 0.060546875
10 0.34716796875 0.4384765625 0.029541015625 0.066162109375
29 0.380859375 0.435791015625 0.02587890625 0.0625
12 0.31396484375 0.439453125 0.031005859375 0.061279296875
8 0.824951171875 0.4375 0.027099609375 0.057373046875
2 0.37353515625 0.78076171875 0.021240234375 0.038330078125
8 0.477294921875 0.43408203125 0.02685546875 0.073486328125
8 0.509765625 0.435791015625 0.025634765625 0.067626953125
8 0.266357421875 0.33154296875 0.0234375 0.044189453125
8 0.2412109375 0.33349609375 0.02734375 0.046630859375
9 0.211669921875 0.3359375 0.02978515625 0.051513671875
0 0.411865234375 0.43603515625 0.029052734375 0.058837890625
1 0.732177734375 0.436279296875 0.0205078125 0.060791015625
2 0.760009765625 0.4365234375 0.033447265625 0.06884765625
3 0.79345703125 0.436767578125 0.02490234375 0.060546875
3 0.298095703125 0.70751953125 0.0185546875 0.042236328125
3 0.257568359375 0.70751953125 0.018798828125 0.032470703125
7 0.278076171875 0.705810546875 0.016845703125 0.03857421875
7 0.56884765625 0.708740234375 0.02001953125 0.03857421875
7 0.39208984375 0.777587890625 0.01708984375 0.03564453125
6 0.412353515625 0.780517578125 0.019287109375 0.033447265625
6 0.35498046875 0.781005859375 0.019287109375 0.03466796875
5 0.335205078125 0.78076171875 0.01904296875 0.043701171875
2 0.509521484375 0.7099609375 0.019287109375 0.043701171875
0 0.528076171875 0.707763671875 0.020751953125 0.044189453125