2 0.54052734375 0.3212890625 0.030029296875 0.053955078125
2 0.5439453125 0.5625 0.032958984375 0.061767578125
2 0.645263671875 0.56103515625 0.03076171875 0.0634765625
2 0.585205078125 0.687255859375 0.035400390625 0.053955078125
8 0.622314453125 0.685791015625 0.02685546875 0.054443359375
8 0.772216796875 0.319091796875 0.025634765625 0.053955078125
28 0.54150390625 0.445556640625 0.02685546875 0.05615234375
5 0.74853515625 0.564208984375 0.030029296875 0.05615234375
8 0.69091796875 0.687744140625 0.029052734375 0.053955078125
7 0.76171875 0.684326171875 0.029052734375 0.057373046875
5 0.543701171875 0.689697265625 0.02490234375 0.054443359375
8 0.609619140625 0.441650390625 0.0283203125 0.04833984375
1 0.609375 0.323974609375 0.017578125 0.054443359375
1 0.637451171875 0.3193359375 0.021484375 0.054443359375
1 0.614501953125 0.5673828125 0.01806640625 0.052734375
1 0.657470703125 0.688232421875 0.0146484375 0.05517578125
7 0.809814453125 0.318115234375 0.026123046875 0.050537109375
0 0.7373046875 0.3193359375 0.0283203125 0.051025390625
0 0.712158203125 0.56298828125 0.02783203125 0.057373046875
0 0.649658203125 0.44140625 0.0283203125 0.054443359375
0 0.7197265625 0.440185546875 0.0302734375 0.054443359375