28 0.541015625 0.4443359375 0.029296875 0.057861328125
1 0.63623046875 0.3212890625 0.020263671875 0.0576171875
0 0.719970703125 0.441162109375 0.030029296875 0.054931640625
2 0.5439453125 0.320068359375 0.033203125 0.059814453125
2 0.544677734375 0.565673828125 0.025634765625 0.060546875
8 0.607177734375 0.439453125 0.03076171875 0.0595703125
8 0.772216796875 0.318115234375 0.033447265625 0.060546875
1 0.610595703125 0.32177734375 0.01318359375 0.053955078125
5 0.747802734375 0.56396484375 0.031982421875 0.05712890625
2 0.64306640625 0.5634765625 0.030517578125 0.053955078125
0 0.646728515625 0.441162109375 0.035888671875 0.0625
7 0.810546875 0.31591796875 0.03076171875 0.04931640625
0 0.699951171875 0.316650390625 0.031494140625 0.057861328125
1 0.6142578125 0.563720703125 0.015380859375 0.054443359375
8 0.623291015625 0.6875 0.029541015625 0.059814453125
7 0.76220703125 0.684814453125 0.02734375 0.054443359375
0 0.727294921875 0.686767578125 0.030029296875 0.0537109375
0 0.68505859375 0.441650390625 0.031494140625 0.0615234375
0 0.711669921875 0.56640625 0.03369140625 0.053955078125