18 0.47509765625 0.34716796875 0.009521484375 0.040283203125
18 0.55126953125 0.417236328125 0.01123046875 0.03759765625
16 0.6279296875 0.42041015625 0.021240234375 0.03466796875
27 0.71484375 0.423095703125 0.020751953125 0.037109375
16 0.554931640625 0.348876953125 0.02001953125 0.037109375
12 0.692626953125 0.423583984375 0.022216796875 0.038330078125
29 0.50146484375 0.550048828125 0.01416015625 0.034423828125
15 0.51806640625 0.551513671875 0.013427734375 0.0400390625
16 0.48291015625 0.597900390625 0.016357421875 0.02978515625
29 0.489501953125 0.345703125 0.01806640625 0.040283203125
12 0.49755859375 0.4169921875 0.0205078125 0.038330078125
10 0.517578125 0.416748046875 0.017822265625 0.034912109375
29 0.537841796875 0.417236328125 0.014892578125 0.037841796875
29 0.5673828125 0.41943359375 0.014404296875 0.042236328125
8 0.606689453125 0.420654296875 0.01904296875 0.039306640625
8 0.67138671875 0.424072265625 0.0185546875 0.0390625
8 0.81494140625 0.428955078125 0.0166015625 0.040771484375
6 0.795166015625 0.42822265625 0.019775390625 0.04052734375
6 0.775146484375 0.427490234375 0.01904296875 0.0419921875
0 0.734619140625 0.424560546875 0.019287109375 0.040283203125
3 0.754150390625 0.4267578125 0.018310546875 0.039306640625
12 0.651123046875 0.420654296875 0.02197265625 0.0361328125
8 0.53173828125 0.347412109375 0.019287109375 0.041259765625
7 0.5380859375 0.55224609375 0.016845703125 0.030517578125
7 0.610595703125 0.6064453125 0.0185546875 0.031982421875
8 0.593017578125 0.60693359375 0.017822265625 0.035888671875
8 0.821533203125 0.6259765625 0.021484375 0.034912109375
3 0.7861328125 0.5703125 0.0185546875 0.038330078125
3 0.78271484375 0.621826171875 0.02001953125 0.034423828125
4 0.80322265625 0.572265625 0.018310546875 0.033447265625
4 0.743896484375 0.56689453125 0.018310546875 0.0322265625
0 0.724853515625 0.5654296875 0.01953125 0.03662109375
2 0.705810546875 0.56494140625 0.018310546875 0.03271484375
9 0.573974609375 0.60546875 0.01611328125 0.035400390625
25 0.5 0.599609375 0.016357421875 0.03271484375
12 0.51806640625 0.60009765625 0.01708984375 0.03466796875
15 0.5185546875 0.55224609375 0.017333984375 0.037353515625
4 0.48095703125 0.54931640625 0.021240234375 0.03466796875
5 0.555908203125 0.55517578125 0.017578125 0.032958984375
1 0.59326171875 0.55810546875 0.010986328125 0.030029296875