29 0.491455078125 0.343994140625 0.017333984375 0.04248046875
16 0.553955078125 0.348388671875 0.023681640625 0.042236328125
12 0.49560546875 0.4150390625 0.0205078125 0.03857421875
12 0.651611328125 0.42236328125 0.0234375 0.04248046875
12 0.69287109375 0.421142578125 0.02197265625 0.03955078125
10 0.51806640625 0.414794921875 0.0185546875 0.039306640625
29 0.538330078125 0.416015625 0.0146484375 0.038330078125
29 0.567138671875 0.41845703125 0.013671875 0.041748046875
18 0.55224609375 0.416015625 0.0068359375 0.038330078125
16 0.62841796875 0.422607421875 0.023681640625 0.039306640625
27 0.714111328125 0.42431640625 0.021240234375 0.042724609375
29 0.499267578125 0.54931640625 0.015625 0.032470703125
15 0.517822265625 0.553466796875 0.016845703125 0.03857421875
16 0.48291015625 0.59912109375 0.0205078125 0.03564453125
25 0.50048828125 0.6005859375 0.0166015625 0.036865234375
12 0.5185546875 0.60205078125 0.020751953125 0.039794921875
8 0.821044921875 0.625 0.02294921875 0.041015625
4 0.8056640625 0.57373046875 0.017578125 0.03662109375
3 0.782470703125 0.61962890625 0.022216796875 0.031982421875
6 0.793212890625 0.427978515625 0.020751953125 0.040771484375
7 0.538330078125 0.5517578125 0.017578125 0.03564453125