18 0.473876953125 0.34619140625 0.01025390625 0.04345703125
18 0.552734375 0.419189453125 0.01123046875 0.03857421875
12 0.693115234375 0.421630859375 0.02099609375 0.039794921875
12 0.495849609375 0.416015625 0.02099609375 0.036865234375
4 0.482177734375 0.552978515625 0.01953125 0.03857421875
4 0.804931640625 0.573974609375 0.018798828125 0.039306640625
16 0.627685546875 0.4208984375 0.021728515625 0.039794921875
29 0.568603515625 0.418212890625 0.017822265625 0.0380859375
29 0.53662109375 0.41748046875 0.01953125 0.041015625
16 0.55322265625 0.34912109375 0.0244140625 0.039794921875
27 0.71337890625 0.42431640625 0.01953125 0.04052734375
5 0.5556640625 0.555908203125 0.0205078125 0.03515625
7 0.53857421875 0.5537109375 0.01904296875 0.039306640625
15 0.51806640625 0.552001953125 0.017333984375 0.031982421875
10 0.515625 0.416015625 0.01953125 0.036865234375
29 0.489990234375 0.34619140625 0.0146484375 0.039794921875
2 0.510498046875 0.34814453125 0.0166015625 0.04150390625
2 0.575439453125 0.557373046875 0.018310546875 0.034423828125
9 0.5732421875 0.60400390625 0.018310546875 0.037353515625
0 0.612548828125 0.556396484375 0.02001953125 0.042236328125
0 0.735107421875 0.425048828125 0.018310546875 0.042236328125
3 0.75537109375 0.4248046875 0.017822265625 0.0439453125
8 0.60693359375 0.42138671875 0.01611328125 0.034423828125
8 0.67041015625 0.4228515625 0.018310546875 0.033935546875
8 0.81494140625 0.4287109375 0.02099609375 0.039794921875
8 0.822509765625 0.62548828125 0.021728515625 0.03857421875
3 0.76123046875 0.619384765625 0.0205078125 0.0361328125
16 0.482666015625 0.60009765625 0.018798828125 0.034423828125
25 0.50048828125 0.60009765625 0.01611328125 0.03564453125
12 0.518310546875 0.6025390625 0.017822265625 0.033203125
29 0.50146484375 0.550537109375 0.016845703125 0.03857421875
8 0.5908203125 0.60791015625 0.018798828125 0.04052734375
7 0.611083984375 0.606689453125 0.021484375 0.034423828125
1 0.592529296875 0.557373046875 0.01025390625 0.02978515625
2 0.7060546875 0.566162109375 0.018310546875 0.0380859375
2 0.700439453125 0.615234375 0.017822265625 0.0361328125
4 0.744384765625 0.567138671875 0.018310546875 0.042236328125
0 0.76611328125 0.5693359375 0.018798828125 0.042724609375
0 0.725830078125 0.564697265625 0.018310546875 0.03515625
12 0.65087890625 0.42041015625 0.02001953125 0.04345703125
8 0.53173828125 0.3466796875 0.01611328125 0.042236328125
6 0.77490234375 0.42578125 0.01611328125 0.048095703125
6 0.794677734375 0.42626953125 0.018310546875 0.037353515625
1 0.739990234375 0.615966796875 0.01123046875 0.0361328125
1 0.799560546875 0.6220703125 0.011474609375 0.034423828125
3 0.781982421875 0.619384765625 0.018798828125 0.041015625
3 0.7861328125 0.56884765625 0.0205078125 0.045654296875