29 0.489013671875 0.345703125 0.01806640625 0.041015625
18 0.474609375 0.34716796875 0.00927734375 0.041259765625
16 0.55615234375 0.3505859375 0.028564453125 0.04150390625
16 0.626708984375 0.42041015625 0.02294921875 0.044921875
29 0.53759765625 0.416015625 0.017578125 0.03857421875
29 0.5673828125 0.416748046875 0.01904296875 0.0361328125
12 0.650634765625 0.420654296875 0.01953125 0.040283203125
12 0.496337890625 0.416259765625 0.02294921875 0.0390625
12 0.691162109375 0.421630859375 0.020263671875 0.035400390625
27 0.7138671875 0.422607421875 0.021728515625 0.038818359375
29 0.500244140625 0.55126953125 0.01904296875 0.03759765625
15 0.5185546875 0.552734375 0.018310546875 0.0390625
16 0.482177734375 0.598876953125 0.018798828125 0.031005859375
25 0.5 0.6005859375 0.01611328125 0.035888671875
12 0.5185546875 0.6015625 0.019287109375 0.03515625
10 0.517333984375 0.41796875 0.021728515625 0.03857421875
1 0.55322265625 0.420166015625 0.008544921875 0.04052734375
2 0.5869140625 0.419189453125 0.01611328125 0.041259765625
3 0.75439453125 0.42529296875 0.017333984375 0.0380859375
4 0.80517578125 0.570556640625 0.01904296875 0.03515625
5 0.555419921875 0.55419921875 0.0166015625 0.0341796875
8 0.82177734375 0.626953125 0.02099609375 0.039794921875
9 0.57275390625 0.60546875 0.0205078125 0.035400390625
8 0.607177734375 0.419189453125 0.01513671875 0.0390625
8 0.67041015625 0.42041015625 0.0166015625 0.0390625
8 0.53125 0.346923828125 0.0205078125 0.039306640625
2 0.5107421875 0.346435546875 0.01953125 0.042724609375
6 0.793701171875 0.427001953125 0.017578125 0.041259765625
6 0.774169921875 0.42724609375 0.015380859375 0.044189453125
8 0.81591796875 0.42822265625 0.02001953125 0.037109375
0 0.73486328125 0.424072265625 0.02001953125 0.0419921875
2 0.70556640625 0.567138671875 0.018310546875 0.036376953125
2 0.69921875 0.614013671875 0.022216796875 0.034423828125
7 0.61083984375 0.608154296875 0.021240234375 0.035888671875
7 0.537841796875 0.551513671875 0.0166015625 0.036376953125
4 0.482177734375 0.5517578125 0.017333984375 0.0322265625
1 0.592041015625 0.556884765625 0.010009765625 0.031494140625
1 0.800537109375 0.6220703125 0.01123046875 0.03759765625
3 0.785400390625 0.569580078125 0.02099609375 0.03662109375
3 0.78173828125 0.62158203125 0.02197265625 0.031982421875
3 0.760009765625 0.619873046875 0.020263671875 0.037109375
4 0.743408203125 0.56591796875 0.015625 0.03857421875
8 0.59130859375 0.60693359375 0.018310546875 0.038330078125
0 0.554443359375 0.604248046875 0.0166015625 0.03271484375
0 0.611572265625 0.556640625 0.019287109375 0.03564453125
2 0.5732421875 0.556396484375 0.017578125 0.03759765625
1 0.739501953125 0.614990234375 0.01123046875 0.02978515625
4 0.804443359375 0.5703125 0.02099609375 0.03857421875