28 0.32275390625 0.56494140625 0.021240234375 0.0419921875
23 0.34423828125 0.564453125 0.022705078125 0.046142578125
29 0.36669921875 0.563720703125 0.019287109375 0.04150390625
7 0.387939453125 0.564208984375 0.017822265625 0.04052734375
1 0.408447265625 0.56201171875 0.01904296875 0.043212890625
3 0.428466796875 0.562255859375 0.0205078125 0.03759765625
27 0.44873046875 0.562255859375 0.02197265625 0.03857421875
27 0.58349609375 0.55224609375 0.0166015625 0.03564453125
0 0.468994140625 0.559814453125 0.019775390625 0.03857421875
2 0.5078125 0.558349609375 0.019287109375 0.04052734375
6 0.564697265625 0.552978515625 0.021484375 0.03564453125