28 0.32177734375 0.568603515625 0.0234375 0.042236328125
23 0.34521484375 0.565673828125 0.021484375 0.042724609375
29 0.36572265625 0.56591796875 0.01806640625 0.048095703125
27 0.44873046875 0.562744140625 0.016357421875 0.047607421875
27 0.5830078125 0.550537109375 0.017578125 0.042236328125
7 0.387451171875 0.56396484375 0.01806640625 0.04833984375
1 0.40771484375 0.56298828125 0.015869140625 0.042724609375
1 0.5439453125 0.552001953125 0.01318359375 0.045654296875
6 0.564697265625 0.552978515625 0.02099609375 0.039794921875
3 0.428466796875 0.559814453125 0.017333984375 0.042236328125
0 0.48779296875 0.558837890625 0.01953125 0.040283203125
2 0.508544921875 0.55908203125 0.0166015625 0.04052734375