33 0.52001953125 0.214111328125 0.026123046875 0.046630859375
16 0.5498046875 0.2216796875 0.02392578125 0.043701171875
12 0.49169921875 0.327880859375 0.024169921875 0.04443359375
1 0.605712890625 0.22802734375 0.02587890625 0.04296875
9 0.48974609375 0.2158203125 0.022705078125 0.04638671875
1 0.634033203125 0.2265625 0.0205078125 0.0478515625
7 0.659423828125 0.232421875 0.022705078125 0.05078125
5 0.4609375 0.328125 0.023681640625 0.050537109375
1 0.428955078125 0.3251953125 0.0244140625 0.0537109375
6 0.39697265625 0.32421875 0.02392578125 0.044921875
3 0.68603515625 0.230712890625 0.025634765625 0.044921875