0 0.383056640625 0.63818359375 0.029052734375 0.05419921875
3 0.5244140625 0.640625 0.031005859375 0.052490234375
1 0.321044921875 0.564453125 0.02001953125 0.056396484375
2 0.3798828125 0.567626953125 0.024658203125 0.057373046875
5 0.171630859375 0.556640625 0.03076171875 0.061279296875
4 0.3544921875 0.637939453125 0.025634765625 0.048095703125
4 0.32373046875 0.63427734375 0.027587890625 0.044189453125
4 0.198974609375 0.55908203125 0.026123046875 0.058837890625
1 0.22802734375 0.56005859375 0.025146484375 0.052734375
0 0.439208984375 0.639892578125 0.029296875 0.046630859375
3 0.349853515625 0.5625 0.028076171875 0.0537109375
3 0.467529296875 0.63818359375 0.025634765625 0.052978515625
6 0.495361328125 0.640380859375 0.026123046875 0.051025390625
2 0.29248046875 0.56396484375 0.025390625 0.0576171875
4 0.63330078125 0.5810546875 0.017822265625 0.047607421875
4 0.67626953125 0.5830078125 0.02294921875 0.046142578125
12 0.610107421875 0.582275390625 0.025146484375 0.04443359375