4 0.35400390625 0.63818359375 0.025146484375 0.047119140625
3 0.349365234375 0.56396484375 0.026611328125 0.0546875
5 0.17041015625 0.55859375 0.029052734375 0.0537109375
3 0.468017578125 0.63916015625 0.024658203125 0.054443359375
3 0.523681640625 0.640625 0.0263671875 0.051025390625
2 0.38134765625 0.5673828125 0.029052734375 0.053955078125
4 0.19970703125 0.55859375 0.029541015625 0.056396484375
1 0.228515625 0.563720703125 0.024658203125 0.052001953125
6 0.49462890625 0.6396484375 0.029541015625 0.050537109375
4 0.324462890625 0.634765625 0.025634765625 0.0478515625
1 0.32080078125 0.564453125 0.02197265625 0.058349609375
4 0.632080078125 0.581787109375 0.020751953125 0.0458984375
4 0.675537109375 0.583984375 0.025390625 0.04150390625
12 0.608154296875 0.582275390625 0.02587890625 0.0419921875
0 0.439208984375 0.636962890625 0.025146484375 0.04736328125