30 0.4609375 0.4619140625 0.0166015625 0.03759765625
28 0.4794921875 0.4619140625 0.01611328125 0.0380859375
30 0.51708984375 0.46044921875 0.01806640625 0.036865234375
6 0.573486328125 0.460693359375 0.018310546875 0.035400390625
7 0.610595703125 0.4599609375 0.01904296875 0.03955078125
12 0.536376953125 0.458251953125 0.015625 0.04150390625
22 0.499755859375 0.460693359375 0.0205078125 0.041748046875
1 0.5537109375 0.459228515625 0.011962890625 0.038818359375
1 0.6279296875 0.458740234375 0.015380859375 0.04150390625
7 0.5927734375 0.458984375 0.015625 0.03955078125
1 0.66357421875 0.457763671875 0.011962890625 0.041259765625