30 0.460205078125 0.4619140625 0.016845703125 0.0380859375
28 0.479248046875 0.461669921875 0.016845703125 0.03857421875
22 0.498779296875 0.4609375 0.01953125 0.0380859375
30 0.518310546875 0.460693359375 0.016357421875 0.03662109375
0 0.53662109375 0.4619140625 0.016357421875 0.03515625
0 0.533203125 0.529052734375 0.01416015625 0.031982421875
1 0.5546875 0.458740234375 0.014404296875 0.03759765625
1 0.59765625 0.578857421875 0.012939453125 0.0380859375
6 0.572998046875 0.458740234375 0.015625 0.03759765625
6 0.37548828125 0.591064453125 0.016845703125 0.033935546875
7 0.592041015625 0.458984375 0.014892578125 0.03515625
7 0.461181640625 0.526123046875 0.012451171875 0.028564453125
8 0.29248046875 0.5361328125 0.01513671875 0.031982421875
8 0.550048828125 0.52783203125 0.013671875 0.032470703125
8 0.405029296875 0.590087890625 0.014892578125 0.03662109375
5 0.4951171875 0.584716796875 0.016845703125 0.03564453125
15 0.530029296875 0.5830078125 0.016357421875 0.03564453125
9 0.5693359375 0.528076171875 0.01708984375 0.032958984375
4 0.442138671875 0.589599609375 0.01513671875 0.034423828125