17 0.438720703125 0.578369140625 0.018798828125 0.033447265625
30 0.268798828125 0.662353515625 0.0166015625 0.03125
9 0.1982421875 0.5673828125 0.0185546875 0.03564453125
0 0.672119140625 0.687255859375 0.019775390625 0.0341796875
21 0.75341796875 0.6875 0.019287109375 0.0400390625
11 0.772216796875 0.691162109375 0.0166015625 0.041748046875
28 0.78955078125 0.691650390625 0.01611328125 0.04296875
1 0.474365234375 0.5810546875 0.014892578125 0.03857421875
0 0.31982421875 0.665771484375 0.016845703125 0.032958984375
27 0.33544921875 0.66650390625 0.01806640625 0.0341796875
9 0.181884765625 0.564208984375 0.01611328125 0.034912109375
6 0.60400390625 0.67919921875 0.016357421875 0.033935546875
0 0.62158203125 0.681396484375 0.01416015625 0.031982421875
7 0.5087890625 0.57861328125 0.010986328125 0.033203125
7 0.5439453125 0.58251953125 0.01513671875 0.03271484375
9 0.525146484375 0.582275390625 0.013671875 0.0341796875
5 0.49169921875 0.58056640625 0.01416015625 0.031005859375
7 0.2685546875 0.5673828125 0.013671875 0.031982421875
7 0.235107421875 0.56591796875 0.014892578125 0.031005859375
7 0.38720703125 0.66845703125 0.01416015625 0.03125
4 0.4033203125 0.672119140625 0.0166015625 0.03271484375
5 0.2861328125 0.662353515625 0.013427734375 0.030517578125
4 0.2509765625 0.568115234375 0.016357421875 0.03564453125
0 0.216796875 0.566650390625 0.016357421875 0.033447265625
1 0.3701171875 0.668701171875 0.0146484375 0.03515625
7 0.749267578125 0.592041015625 0.01611328125 0.03564453125
0 0.781005859375 0.59619140625 0.016845703125 0.034912109375