9 0.180908203125 0.564697265625 0.01708984375 0.033447265625
9 0.19873046875 0.56591796875 0.0146484375 0.03466796875
7 0.234375 0.566162109375 0.01708984375 0.03271484375
7 0.2685546875 0.569091796875 0.01708984375 0.03857421875
0 0.216552734375 0.5654296875 0.017578125 0.0390625
4 0.252197265625 0.569091796875 0.0166015625 0.035888671875
17 0.438720703125 0.57763671875 0.020263671875 0.03662109375
1 0.473876953125 0.579345703125 0.013671875 0.03662109375
5 0.492431640625 0.580078125 0.01318359375 0.035400390625
7 0.508544921875 0.578369140625 0.01708984375 0.039794921875
9 0.525146484375 0.580322265625 0.01513671875 0.0322265625
30 0.26806640625 0.661865234375 0.01708984375 0.037353515625
27 0.335205078125 0.66455078125 0.01513671875 0.0341796875
1 0.3701171875 0.66845703125 0.0126953125 0.031494140625
6 0.603759765625 0.68115234375 0.01806640625 0.03271484375
21 0.755126953125 0.69091796875 0.015625 0.03857421875
11 0.7724609375 0.688720703125 0.0146484375 0.0341796875
28 0.78857421875 0.69140625 0.0146484375 0.035888671875