1 0.375244140625 0.548583984375 0.00732421875 0.030029296875
6 0.386962890625 0.548583984375 0.012939453125 0.031005859375
6 0.530029296875 0.60302734375 0.014404296875 0.0380859375
3 0.4013671875 0.549560546875 0.013671875 0.0263671875
3 0.546875 0.603759765625 0.015380859375 0.03759765625
17 0.418701171875 0.548828125 0.016845703125 0.030517578125
17 0.565185546875 0.604736328125 0.01318359375 0.035888671875
12 0.442626953125 0.607177734375 0.016357421875 0.0341796875
10 0.458740234375 0.60595703125 0.014892578125 0.03759765625
10 0.599853515625 0.6044921875 0.015625 0.035400390625
29 0.47705078125 0.603271484375 0.014404296875 0.035400390625
19 0.58203125 0.60498046875 0.014892578125 0.036376953125
27 0.617919921875 0.603759765625 0.014892578125 0.036376953125
21 0.635498046875 0.604248046875 0.01318359375 0.034912109375
0 0.494384765625 0.60546875 0.01611328125 0.036376953125
6 0.70556640625 0.601806640625 0.016845703125 0.035400390625
7 0.42529296875 0.7490234375 0.01611328125 0.029052734375
6 0.442626953125 0.74951171875 0.017333984375 0.0322265625
3 0.511962890625 0.748291015625 0.013671875 0.030517578125
25 0.5263671875 0.748046875 0.012939453125 0.0322265625
13 0.541015625 0.74853515625 0.012939453125 0.035400390625
1 0.555419921875 0.74853515625 0.0087890625 0.0341796875
9 0.58349609375 0.748046875 0.015380859375 0.031005859375
9 0.613525390625 0.79296875 0.013671875 0.030029296875
8 0.599609375 0.7919921875 0.015380859375 0.029052734375
6 0.58447265625 0.792724609375 0.014892578125 0.03271484375
33 0.54150390625 0.7919921875 0.014892578125 0.030029296875
13 0.525390625 0.7919921875 0.01318359375 0.0322265625
20 0.511962890625 0.7919921875 0.014404296875 0.031005859375
0 0.5703125 0.7919921875 0.011962890625 0.029052734375
4 0.613525390625 0.746826171875 0.01416015625 0.031005859375
7 0.73388671875 0.7509765625 0.015380859375 0.036865234375
5 0.7509765625 0.751220703125 0.01611328125 0.0341796875
2 0.72265625 0.794677734375 0.013671875 0.031005859375
9 0.7509765625 0.793701171875 0.01611328125 0.029541015625
9 0.767822265625 0.795654296875 0.01416015625 0.035400390625
6 0.69287109375 0.748779296875 0.014404296875 0.03369140625
6 0.692626953125 0.793701171875 0.01318359375 0.031494140625