17 0.416748046875 0.547607421875 0.016357421875 0.031005859375
12 0.4423828125 0.6044921875 0.015625 0.038330078125
10 0.459228515625 0.605224609375 0.01806640625 0.03564453125
10 0.599853515625 0.60498046875 0.01806640625 0.036376953125
27 0.616943359375 0.6025390625 0.016357421875 0.038818359375
21 0.63525390625 0.600830078125 0.016845703125 0.041748046875
6 0.529541015625 0.605712890625 0.016845703125 0.040771484375
17 0.56591796875 0.6044921875 0.01513671875 0.038330078125
19 0.58203125 0.603515625 0.013671875 0.03662109375
29 0.476318359375 0.602783203125 0.01513671875 0.036865234375
7 0.427001953125 0.749267578125 0.01318359375 0.030029296875
25 0.52587890625 0.74755859375 0.013916015625 0.029296875
13 0.541015625 0.747802734375 0.014404296875 0.033203125
20 0.511474609375 0.79248046875 0.013916015625 0.030029296875
13 0.52587890625 0.7919921875 0.013916015625 0.03466796875
33 0.540771484375 0.792236328125 0.013916015625 0.032470703125
8 0.6005859375 0.793212890625 0.013916015625 0.033447265625
9 0.615478515625 0.79296875 0.015625 0.03125
5 0.750244140625 0.75 0.013427734375 0.03271484375
1 0.677490234375 0.791748046875 0.012939453125 0.0302734375
0 0.57080078125 0.792236328125 0.014892578125 0.03125