17 0.417724609375 0.548095703125 0.0185546875 0.0302734375
29 0.4755859375 0.60546875 0.018798828125 0.03955078125
17 0.56494140625 0.606201171875 0.02001953125 0.0380859375
19 0.5830078125 0.605712890625 0.013427734375 0.035888671875
10 0.60009765625 0.60546875 0.01513671875 0.03662109375
27 0.61767578125 0.6044921875 0.01611328125 0.032470703125
21 0.636474609375 0.605224609375 0.01708984375 0.034912109375
6 0.442626953125 0.74951171875 0.015869140625 0.031494140625
20 0.511474609375 0.792236328125 0.012939453125 0.031494140625
13 0.5263671875 0.79248046875 0.013671875 0.033447265625
33 0.541259765625 0.792724609375 0.013427734375 0.033935546875
13 0.541748046875 0.747314453125 0.015869140625 0.02978515625
25 0.526123046875 0.74658203125 0.01513671875 0.029296875
3 0.68798828125 0.60302734375 0.01708984375 0.035400390625
7 0.735595703125 0.7490234375 0.015625 0.03125
8 0.59814453125 0.79345703125 0.016357421875 0.03076171875
1 0.374755859375 0.549072265625 0.007080078125 0.028076171875
1 0.51318359375 0.607177734375 0.01318359375 0.038330078125
6 0.528564453125 0.606201171875 0.014404296875 0.037353515625
6 0.385986328125 0.548095703125 0.0126953125 0.028564453125
6 0.70654296875 0.60205078125 0.01806640625 0.037353515625
6 0.6923828125 0.74853515625 0.01513671875 0.035888671875
6 0.69189453125 0.794189453125 0.014404296875 0.0322265625
3 0.546630859375 0.603515625 0.015869140625 0.03662109375
3 0.724853515625 0.599365234375 0.01611328125 0.03759765625
0 0.654296875 0.602294921875 0.01611328125 0.03759765625
3 0.4013671875 0.549560546875 0.0146484375 0.031005859375
12 0.440673828125 0.606689453125 0.01611328125 0.03173828125
10 0.4580078125 0.607666015625 0.018310546875 0.0390625
3 0.398681640625 0.74951171875 0.013671875 0.0341796875
3 0.5126953125 0.745849609375 0.013427734375 0.0341796875
7 0.42529296875 0.747802734375 0.01416015625 0.03271484375
1 0.412109375 0.748779296875 0.0078125 0.036376953125
1 0.568603515625 0.747314453125 0.010009765625 0.033203125
1 0.5556640625 0.749267578125 0.0068359375 0.035400390625
9 0.584228515625 0.74853515625 0.012939453125 0.030029296875
2 0.7216796875 0.792724609375 0.015380859375 0.033203125
9 0.6142578125 0.792236328125 0.015869140625 0.033935546875
0 0.5703125 0.793701171875 0.013427734375 0.037109375
6 0.584716796875 0.794189453125 0.01220703125 0.033935546875
4 0.613525390625 0.748046875 0.012939453125 0.034912109375
5 0.75146484375 0.74951171875 0.0126953125 0.033203125
2 0.766845703125 0.749755859375 0.0146484375 0.037109375
9 0.7685546875 0.795166015625 0.016845703125 0.033203125
9 0.751953125 0.795166015625 0.014404296875 0.033203125
1 0.73681640625 0.793701171875 0.01416015625 0.035400390625
1 0.720458984375 0.750244140625 0.01220703125 0.038330078125
1 0.67626953125 0.74951171875 0.00927734375 0.033203125