19 0.58349609375 0.60498046875 0.0146484375 0.037353515625
27 0.618408203125 0.604736328125 0.0185546875 0.036865234375
21 0.635986328125 0.604248046875 0.015380859375 0.037353515625
33 0.541748046875 0.7939453125 0.0146484375 0.031494140625
20 0.51171875 0.79248046875 0.015869140625 0.028564453125
25 0.526611328125 0.747314453125 0.0126953125 0.0283203125
3 0.724609375 0.602783203125 0.01708984375 0.037109375
1 0.375732421875 0.548583984375 0.007568359375 0.022705078125
17 0.564453125 0.605224609375 0.013671875 0.03564453125
10 0.599609375 0.604736328125 0.01806640625 0.03955078125
3 0.688720703125 0.6025390625 0.014404296875 0.04150390625
6 0.70703125 0.6025390625 0.016357421875 0.038330078125
6 0.52880859375 0.604248046875 0.017333984375 0.035400390625
1 0.511962890625 0.603271484375 0.011474609375 0.03369140625
29 0.476318359375 0.60546875 0.0146484375 0.032470703125
10 0.457763671875 0.60693359375 0.01416015625 0.034423828125
10 0.4404296875 0.60693359375 0.0146484375 0.03369140625
17 0.4169921875 0.548095703125 0.016845703125 0.027099609375
3 0.401123046875 0.549560546875 0.013671875 0.0302734375
6 0.38671875 0.550048828125 0.013427734375 0.02490234375
3 0.39794921875 0.748779296875 0.013671875 0.031494140625
6 0.442626953125 0.750732421875 0.018310546875 0.031005859375
7 0.425537109375 0.749267578125 0.014892578125 0.029296875
13 0.52587890625 0.79248046875 0.01220703125 0.031982421875
13 0.541748046875 0.74951171875 0.01513671875 0.03125
1 0.5556640625 0.7470703125 0.010498046875 0.03173828125
9 0.584228515625 0.74853515625 0.01318359375 0.032958984375
4 0.6123046875 0.74658203125 0.0146484375 0.03271484375
6 0.5849609375 0.790771484375 0.013671875 0.030029296875
8 0.5986328125 0.791259765625 0.015380859375 0.03173828125
9 0.614013671875 0.79248046875 0.013916015625 0.03173828125
0 0.556396484375 0.791748046875 0.01416015625 0.026123046875
3 0.511962890625 0.748046875 0.017578125 0.031494140625
1 0.70703125 0.751220703125 0.0126953125 0.034912109375
6 0.69287109375 0.793701171875 0.014404296875 0.031494140625
6 0.69189453125 0.75048828125 0.0146484375 0.034912109375
7 0.734619140625 0.749755859375 0.015625 0.0302734375
5 0.7509765625 0.750244140625 0.014892578125 0.0341796875
2 0.765869140625 0.75 0.013916015625 0.031494140625
9 0.767578125 0.79443359375 0.0146484375 0.034912109375
9 0.751220703125 0.7939453125 0.0166015625 0.034912109375
1 0.736083984375 0.79248046875 0.00830078125 0.027587890625
0 0.707763671875 0.79296875 0.01513671875 0.029296875
1 0.67626953125 0.748779296875 0.01123046875 0.031494140625