32 0.503662109375 0.456298828125 0.01708984375 0.045166015625
7 0.572021484375 0.457763671875 0.01708984375 0.04833984375
2 0.620849609375 0.379638671875 0.017822265625 0.042236328125
9 0.614013671875 0.460693359375 0.01513671875 0.038330078125
9 0.52978515625 0.37646484375 0.01611328125 0.0458984375
9 0.633544921875 0.456298828125 0.016845703125 0.0400390625
8 0.54833984375 0.37548828125 0.0166015625 0.045166015625
1 0.568115234375 0.376220703125 0.011962890625 0.04345703125
1 0.58740234375 0.37646484375 0.0126953125 0.043701171875
1 0.525634765625 0.45947265625 0.0107421875 0.042724609375
6 0.54638671875 0.457275390625 0.01953125 0.03955078125
5 0.592529296875 0.458251953125 0.01513671875 0.041748046875
1 0.604736328125 0.3798828125 0.008056640625 0.044677734375