16 0.512939453125 0.1767578125 0.036865234375 0.05029296875
22 0.55615234375 0.17431640625 0.0498046875 0.061279296875
15 0.6669921875 0.1630859375 0.0302734375 0.046875
25 0.478271484375 0.2578125 0.021240234375 0.047119140625
17 0.446044921875 0.2626953125 0.02587890625 0.0390625
1 0.48193359375 0.39501953125 0.02099609375 0.0615234375
0 0.720458984375 0.31005859375 0.020751953125 0.03759765625
3 0.599609375 0.167724609375 0.030029296875 0.05419921875
3 0.47607421875 0.1806640625 0.03076171875 0.0615234375
0 0.63623046875 0.167236328125 0.031982421875 0.050537109375
4 0.570068359375 0.3916015625 0.02880859375 0.068603515625
1 0.440673828125 0.400634765625 0.024658203125 0.05517578125
7 0.615966796875 0.38916015625 0.03466796875 0.0634765625
4 0.69775390625 0.246826171875 0.0205078125 0.041259765625
3 0.65771484375 0.31591796875 0.01708984375 0.039794921875
4 0.67626953125 0.311767578125 0.017822265625 0.036865234375
2 0.677490234375 0.24365234375 0.019287109375 0.043701171875
0 0.52490234375 0.392333984375 0.041259765625 0.061279296875