33 0.52978515625 0.5302734375 0.02392578125 0.046142578125
33 0.55322265625 0.529296875 0.020263671875 0.047119140625
33 0.576171875 0.53173828125 0.01904296875 0.04248046875
6 0.400390625 0.52783203125 0.0263671875 0.04248046875
4 0.4404296875 0.531982421875 0.0234375 0.04443359375
7 0.316650390625 0.434814453125 0.022705078125 0.044677734375
5 0.610595703125 0.44921875 0.025146484375 0.0478515625
0 0.380615234375 0.43896484375 0.01904296875 0.04296875
6 0.451416015625 0.439697265625 0.0234375 0.040283203125
5 0.583984375 0.446533203125 0.022216796875 0.044677734375
1 0.33154296875 0.5244140625 0.015869140625 0.041259765625