33 0.530029296875 0.52880859375 0.015869140625 0.04345703125
33 0.55517578125 0.529296875 0.01708984375 0.043212890625
33 0.574951171875 0.53173828125 0.01904296875 0.045166015625
7 0.316650390625 0.435546875 0.019775390625 0.04638671875
6 0.400634765625 0.5263671875 0.024169921875 0.04345703125
0 0.380615234375 0.43896484375 0.022705078125 0.042724609375
6 0.452880859375 0.441162109375 0.022705078125 0.042236328125
5 0.58447265625 0.447021484375 0.02001953125 0.043701171875
5 0.61279296875 0.4482421875 0.02294921875 0.045166015625
2 0.365966796875 0.527587890625 0.02099609375 0.044189453125
2 0.300048828125 0.522705078125 0.02001953125 0.048095703125
1 0.330810546875 0.52783203125 0.019775390625 0.045166015625
4 0.440185546875 0.530029296875 0.021728515625 0.045166015625
0 0.346923828125 0.43701171875 0.025390625 0.0419921875