7 0.31884765625 0.436279296875 0.021728515625 0.04345703125
33 0.5302734375 0.5302734375 0.021484375 0.045654296875
33 0.553955078125 0.53173828125 0.018798828125 0.045654296875
33 0.5751953125 0.53173828125 0.020263671875 0.046630859375
5 0.583984375 0.447265625 0.02294921875 0.04052734375
6 0.451904296875 0.441650390625 0.0263671875 0.041015625
0 0.38134765625 0.4384765625 0.0205078125 0.039306640625
6 0.39990234375 0.52685546875 0.01904296875 0.0400390625
2 0.366455078125 0.52685546875 0.01904296875 0.046142578125
1 0.33154296875 0.524658203125 0.01708984375 0.04296875
4 0.43994140625 0.5263671875 0.018310546875 0.0400390625
5 0.611572265625 0.448974609375 0.02392578125 0.050537109375