33 0.531005859375 0.5302734375 0.021728515625 0.046142578125
33 0.553955078125 0.53173828125 0.01708984375 0.04345703125
33 0.576171875 0.5322265625 0.01806640625 0.048828125
5 0.5849609375 0.446044921875 0.02392578125 0.046142578125
7 0.31787109375 0.435791015625 0.01806640625 0.045654296875
6 0.453125 0.4404296875 0.0263671875 0.041015625
6 0.402587890625 0.52685546875 0.021484375 0.04150390625
5 0.6123046875 0.44970703125 0.0244140625 0.0537109375
0 0.382080078125 0.44091796875 0.022705078125 0.0498046875
4 0.440185546875 0.52734375 0.027587890625 0.04345703125
2 0.302001953125 0.523681640625 0.020751953125 0.04443359375