22 0.74072265625 0.4111328125 0.03662109375 0.062255859375
18 0.763427734375 0.411865234375 0.014404296875 0.063720703125
10 0.707275390625 0.412841796875 0.029541015625 0.071533203125
12 0.7880859375 0.411865234375 0.037353515625 0.063720703125
23 0.67431640625 0.41259765625 0.03125 0.071044921875
34 0.643798828125 0.4111328125 0.03515625 0.06689453125
13 0.609130859375 0.4130859375 0.035400390625 0.072265625
14 0.5576171875 0.41357421875 0.029541015625 0.07958984375
17 0.525634765625 0.417236328125 0.03271484375 0.065185546875
27 0.31494140625 0.414794921875 0.02978515625 0.07421875
10 0.3505859375 0.417724609375 0.03271484375 0.069091796875
15 0.188232421875 0.41650390625 0.02392578125 0.06689453125
6 0.252685546875 0.41650390625 0.030029296875 0.071533203125
2 0.5751953125 0.536376953125 0.037353515625 0.0712890625
2 0.7548828125 0.53173828125 0.0380859375 0.068603515625
2 0.43701171875 0.41064453125 0.0302734375 0.066650390625
6 0.471435546875 0.414306640625 0.03076171875 0.06982421875
6 0.501708984375 0.53564453125 0.03564453125 0.06689453125
0 0.53662109375 0.533447265625 0.034912109375 0.069580078125
5 0.2197265625 0.413818359375 0.03369140625 0.07080078125
5 0.461669921875 0.53515625 0.038330078125 0.0703125
2 0.3935546875 0.4150390625 0.0322265625 0.0732421875
0 0.67919921875 0.533203125 0.031005859375 0.06298828125