15 0.18896484375 0.416259765625 0.0283203125 0.067626953125
27 0.315185546875 0.41748046875 0.030517578125 0.07177734375
10 0.351806640625 0.415771484375 0.031982421875 0.073486328125
17 0.5263671875 0.41259765625 0.031005859375 0.06884765625
14 0.556396484375 0.413818359375 0.025634765625 0.066162109375
13 0.61083984375 0.414306640625 0.035400390625 0.063720703125
34 0.64453125 0.412109375 0.02587890625 0.072998046875
23 0.673583984375 0.413330078125 0.029541015625 0.070556640625
10 0.70654296875 0.41259765625 0.032470703125 0.0654296875
22 0.73974609375 0.413330078125 0.0380859375 0.067138671875
18 0.76611328125 0.412353515625 0.01123046875 0.07373046875
12 0.788330078125 0.41064453125 0.03955078125 0.063232421875
5 0.220458984375 0.41845703125 0.03173828125 0.076171875
6 0.2529296875 0.416748046875 0.027587890625 0.067626953125
6 0.470947265625 0.417724609375 0.033447265625 0.068359375
2 0.57373046875 0.535888671875 0.036865234375 0.067626953125
6 0.50244140625 0.53515625 0.03125 0.072021484375
5 0.46337890625 0.534912109375 0.039794921875 0.071533203125
5 0.754150390625 0.53564453125 0.0478515625 0.073974609375
2 0.732666015625 0.576171875 0.00439453125 0.00048828125
0 0.677490234375 0.53515625 0.031982421875 0.065673828125