15 0.185546875 0.412109375 0.0244140625 0.0712890625
27 0.314453125 0.413818359375 0.031494140625 0.070068359375
10 0.349365234375 0.4150390625 0.026123046875 0.0634765625
17 0.526611328125 0.41015625 0.03076171875 0.06982421875
14 0.55517578125 0.4111328125 0.027587890625 0.069580078125
13 0.610107421875 0.41064453125 0.034423828125 0.068603515625
34 0.64453125 0.412841796875 0.0283203125 0.068115234375
23 0.674560546875 0.412353515625 0.031494140625 0.07421875
10 0.706787109375 0.41064453125 0.02880859375 0.068603515625
22 0.7412109375 0.410400390625 0.03271484375 0.067626953125
18 0.765625 0.406982421875 0.01123046875 0.063232421875
33 0.787841796875 0.406982421875 0.03515625 0.070556640625
6 0.470703125 0.4111328125 0.02880859375 0.069580078125
2 0.575439453125 0.537109375 0.03369140625 0.07421875
6 0.501220703125 0.536376953125 0.0380859375 0.066162109375
5 0.4619140625 0.536376953125 0.039794921875 0.068115234375
5 0.219482421875 0.416259765625 0.033203125 0.066650390625
6 0.252685546875 0.41552734375 0.029296875 0.066650390625
0 0.71630859375 0.53466796875 0.03125 0.0625