17 0.18896484375 0.215087890625 0.03369140625 0.0458984375
13 0.51513671875 0.312744140625 0.03515625 0.054931640625
19 0.331787109375 0.588623046875 0.03125 0.04150390625
32 0.39501953125 0.59521484375 0.030517578125 0.046875
14 0.39111328125 0.534912109375 0.03076171875 0.052001953125
9 0.10400390625 0.217041015625 0.03076171875 0.046875
9 0.33984375 0.303955078125 0.037841796875 0.05859375
3 0.1318359375 0.215576171875 0.024169921875 0.04150390625
3 0.37353515625 0.30810546875 0.028564453125 0.062255859375
3 0.668212890625 0.31591796875 0.031005859375 0.062255859375
17 0.47802734375 0.310546875 0.032470703125 0.056640625
17 0.5517578125 0.313720703125 0.03076171875 0.05810546875
17 0.44140625 0.31201171875 0.037353515625 0.05859375
29 0.27392578125 0.304931640625 0.02685546875 0.0517578125
12 0.213134765625 0.3037109375 0.027587890625 0.049560546875
10 0.243408203125 0.3037109375 0.029296875 0.049560546875
6 0.708740234375 0.31982421875 0.040771484375 0.0625
8 0.752685546875 0.3193359375 0.037109375 0.05908203125
1 0.79296875 0.321533203125 0.031005859375 0.056884765625
12 0.589599609375 0.31591796875 0.041748046875 0.052001953125
4 0.424072265625 0.538818359375 0.03125 0.0498046875
4 0.461669921875 0.603515625 0.03271484375 0.044189453125
4 0.532958984375 0.61181640625 0.03271484375 0.054443359375
4 0.495361328125 0.547119140625 0.034912109375 0.048095703125
9 0.68115234375 0.562255859375 0.04052734375 0.052001953125
9 0.6787109375 0.627685546875 0.03271484375 0.05029296875
5 0.761962890625 0.571044921875 0.032470703125 0.05322265625
5 0.891357421875 0.58544921875 0.04296875 0.056884765625
7 0.798095703125 0.638427734375 0.03515625 0.047607421875
2 0.760009765625 0.63720703125 0.036376953125 0.0517578125
3 0.804931640625 0.57373046875 0.03369140625 0.056640625
2 0.640380859375 0.56005859375 0.032958984375 0.051025390625
9 0.53125 0.5498046875 0.03466796875 0.05029296875
5 0.493896484375 0.606201171875 0.03271484375 0.04736328125
1 0.5673828125 0.61669921875 0.020751953125 0.05224609375
12 0.326904296875 0.529541015625 0.02783203125 0.04541015625
2 0.363037109375 0.592529296875 0.030517578125 0.045166015625
6 0.359619140625 0.532470703125 0.0302734375 0.051025390625
0 0.459716796875 0.54296875 0.033203125 0.04833984375