9 0.103759765625 0.21630859375 0.025634765625 0.042724609375
3 0.132568359375 0.215576171875 0.023193359375 0.0439453125
0 0.157958984375 0.217041015625 0.025146484375 0.045654296875
17 0.18798828125 0.215576171875 0.03125 0.045166015625
12 0.2119140625 0.300537109375 0.02880859375 0.054443359375
12 0.589599609375 0.316162109375 0.030029296875 0.0556640625
10 0.242919921875 0.30322265625 0.025634765625 0.050048828125
29 0.275634765625 0.30322265625 0.0263671875 0.050048828125
17 0.442138671875 0.310791015625 0.029541015625 0.053955078125
17 0.476318359375 0.31103515625 0.025146484375 0.05712890625
17 0.550537109375 0.314697265625 0.02685546875 0.05517578125
13 0.51318359375 0.313720703125 0.02880859375 0.05322265625
6 0.709716796875 0.317626953125 0.03076171875 0.06396484375
8 0.7529296875 0.3212890625 0.03076171875 0.064453125
1 0.793701171875 0.322998046875 0.02685546875 0.06591796875
12 0.3271484375 0.52978515625 0.033935546875 0.045654296875
19 0.329833984375 0.58837890625 0.03076171875 0.0439453125
32 0.39453125 0.5947265625 0.034423828125 0.048828125
14 0.391357421875 0.533935546875 0.031982421875 0.050048828125
6 0.3583984375 0.529541015625 0.03125 0.050048828125
2 0.36279296875 0.59228515625 0.02880859375 0.045166015625
4 0.424560546875 0.539794921875 0.031982421875 0.04443359375
0 0.458984375 0.540771484375 0.031982421875 0.050048828125
9 0.52978515625 0.549072265625 0.03564453125 0.050048828125
5 0.495361328125 0.606689453125 0.033203125 0.04638671875
1 0.565185546875 0.61669921875 0.0224609375 0.05126953125
7 0.799560546875 0.64111328125 0.033935546875 0.052734375
3 0.803466796875 0.574951171875 0.041259765625 0.0556640625
9 0.33837890625 0.3056640625 0.0302734375 0.060791015625
3 0.3740234375 0.307861328125 0.02734375 0.0576171875
3 0.671142578125 0.31689453125 0.03759765625 0.063232421875
4 0.492431640625 0.54443359375 0.033447265625 0.05078125
4 0.4619140625 0.602294921875 0.0322265625 0.0439453125
4 0.531005859375 0.612060546875 0.03662109375 0.051025390625
9 0.679443359375 0.5625 0.037109375 0.048828125
9 0.678955078125 0.627685546875 0.037109375 0.045166015625
2 0.757568359375 0.635986328125 0.03271484375 0.052978515625
5 0.759521484375 0.56982421875 0.0390625 0.0546875
5 0.892578125 0.58544921875 0.045654296875 0.061279296875
2 0.841064453125 0.646484375 0.03564453125 0.053466796875
2 0.637451171875 0.625 0.038330078125 0.052490234375
0 0.717041015625 0.633544921875 0.037109375 0.049560546875