17 0.187255859375 0.21533203125 0.03369140625 0.04345703125
29 0.275146484375 0.3046875 0.028076171875 0.053955078125
12 0.21337890625 0.3056640625 0.023681640625 0.052001953125
10 0.24462890625 0.303466796875 0.025390625 0.05517578125
17 0.551513671875 0.312744140625 0.037109375 0.058349609375
17 0.477783203125 0.310546875 0.034423828125 0.057861328125
17 0.4423828125 0.30859375 0.030029296875 0.0478515625
9 0.34033203125 0.30615234375 0.029296875 0.060546875
3 0.130126953125 0.21484375 0.02734375 0.038330078125
8 0.75 0.32080078125 0.033447265625 0.0625
1 0.79345703125 0.3251953125 0.0263671875 0.0693359375
9 0.10595703125 0.2158203125 0.02783203125 0.044677734375
6 0.709228515625 0.321533203125 0.0390625 0.064208984375
3 0.670166015625 0.32080078125 0.034912109375 0.061279296875
12 0.589599609375 0.3173828125 0.033447265625 0.05419921875
13 0.515380859375 0.31494140625 0.02978515625 0.0576171875
3 0.372314453125 0.307373046875 0.03076171875 0.0615234375