17 0.18896484375 0.2158203125 0.037353515625 0.045654296875
17 0.4423828125 0.308349609375 0.02880859375 0.060302734375
17 0.47802734375 0.313232421875 0.031494140625 0.053955078125
17 0.55126953125 0.317138671875 0.037109375 0.0615234375
13 0.51318359375 0.31298828125 0.029541015625 0.056884765625
12 0.5908203125 0.316650390625 0.028564453125 0.056884765625
29 0.2744140625 0.30419921875 0.025634765625 0.051025390625
3 0.372802734375 0.306640625 0.027099609375 0.0556640625
12 0.32568359375 0.52734375 0.0341796875 0.048828125
19 0.329833984375 0.58740234375 0.031005859375 0.042236328125
32 0.39453125 0.596435546875 0.03369140625 0.048583984375
9 0.678466796875 0.629150390625 0.03369140625 0.050537109375
7 0.799560546875 0.640625 0.031982421875 0.052978515625
4 0.495361328125 0.5458984375 0.03564453125 0.0478515625
6 0.3583984375 0.53173828125 0.03076171875 0.047119140625
4 0.460693359375 0.6044921875 0.0283203125 0.045654296875
4 0.529052734375 0.613037109375 0.032470703125 0.04443359375
4 0.423095703125 0.5380859375 0.033935546875 0.04833984375
14 0.390869140625 0.534423828125 0.03564453125 0.049560546875
2 0.36083984375 0.593017578125 0.029296875 0.04296875
9 0.531982421875 0.54931640625 0.0322265625 0.0458984375
0 0.56787109375 0.5517578125 0.0341796875 0.050537109375
5 0.495361328125 0.60546875 0.03076171875 0.044921875
1 0.564697265625 0.61767578125 0.022216796875 0.0478515625
2 0.758544921875 0.637451171875 0.032470703125 0.055419921875
5 0.89208984375 0.581787109375 0.0390625 0.052490234375
5 0.76123046875 0.56884765625 0.0380859375 0.050048828125
3 0.80224609375 0.574462890625 0.037841796875 0.05224609375
9 0.68310546875 0.561767578125 0.036376953125 0.050048828125
2 0.840087890625 0.646240234375 0.0341796875 0.0498046875
0 0.8828125 0.652099609375 0.040283203125 0.0517578125
3 0.66796875 0.317138671875 0.03125 0.0556640625
6 0.70849609375 0.318115234375 0.0400390625 0.060546875
8 0.751708984375 0.3203125 0.030517578125 0.060791015625
1 0.791259765625 0.320068359375 0.026611328125 0.057373046875
0 0.306396484375 0.30322265625 0.029052734375 0.052490234375
9 0.339599609375 0.30322265625 0.03076171875 0.052001953125
12 0.211669921875 0.302978515625 0.024169921875 0.04833984375
10 0.24267578125 0.304931640625 0.027587890625 0.0546875
3 0.131103515625 0.216552734375 0.02294921875 0.041015625
9 0.10400390625 0.215576171875 0.025390625 0.039794921875
0 0.158447265625 0.216552734375 0.025146484375 0.045166015625