28 0.543212890625 0.543212890625 0.022216796875 0.052490234375
23 0.46728515625 0.54296875 0.028076171875 0.048095703125
11 0.654541015625 0.543701171875 0.029052734375 0.0498046875
10 0.515380859375 0.54541015625 0.02392578125 0.05078125
9 0.452880859375 0.633544921875 0.021240234375 0.050537109375
6 0.521484375 0.719970703125 0.019287109375 0.049072265625
6 0.64990234375 0.805908203125 0.021240234375 0.052978515625
6 0.644287109375 0.632568359375 0.02734375 0.04638671875
8 0.38330078125 0.810791015625 0.0263671875 0.05908203125
8 0.46484375 0.80908203125 0.025634765625 0.0556640625
1 0.487060546875 0.807373046875 0.012451171875 0.06298828125
1 0.40380859375 0.810302734375 0.013671875 0.048095703125
2 0.4130859375 0.7197265625 0.021484375 0.054931640625
2 0.462158203125 0.724609375 0.024169921875 0.054443359375
6 0.404296875 0.63525390625 0.0234375 0.05517578125
0 0.594970703125 0.6337890625 0.02099609375 0.051025390625
6 0.577880859375 0.80810546875 0.020751953125 0.048583984375
8 0.603271484375 0.807373046875 0.024169921875 0.05322265625
1 0.477783203125 0.63427734375 0.019775390625 0.043212890625