23 0.468994140625 0.546142578125 0.025146484375 0.05810546875
10 0.515625 0.54443359375 0.026123046875 0.0546875
28 0.545166015625 0.541259765625 0.02294921875 0.05078125
11 0.655029296875 0.543701171875 0.027587890625 0.052978515625
6 0.5791015625 0.807861328125 0.020263671875 0.0478515625
2 0.4619140625 0.72021484375 0.021240234375 0.049560546875
0 0.5546875 0.63232421875 0.022705078125 0.053466796875
9 0.45361328125 0.634033203125 0.022705078125 0.05419921875
6 0.645263671875 0.6337890625 0.01904296875 0.05029296875
6 0.40576171875 0.63623046875 0.0205078125 0.043701171875
6 0.52392578125 0.723388671875 0.02587890625 0.048828125
6 0.655029296875 0.809814453125 0.02685546875 0.052490234375
8 0.6025390625 0.80517578125 0.019775390625 0.041259765625
8 0.4658203125 0.809326171875 0.021240234375 0.050537109375
8 0.3818359375 0.807861328125 0.0234375 0.048828125
1 0.59130859375 0.54443359375 0.01416015625 0.044189453125
1 0.535400390625 0.63330078125 0.010986328125 0.04833984375
1 0.476318359375 0.63232421875 0.019287109375 0.0439453125
1 0.4833984375 0.7216796875 0.018798828125 0.05224609375
0 0.389892578125 0.719482421875 0.02294921875 0.049072265625
0 0.437744140625 0.71923828125 0.0205078125 0.05419921875
1 0.40283203125 0.809814453125 0.013427734375 0.0458984375
1 0.486572265625 0.80615234375 0.012939453125 0.05224609375
3 0.440673828125 0.8056640625 0.02001953125 0.0478515625
0 0.53173828125 0.806884765625 0.01904296875 0.049072265625
2 0.413818359375 0.720947265625 0.01953125 0.056884765625
0 0.59619140625 0.632080078125 0.025390625 0.046875