23 0.467041015625 0.544677734375 0.03076171875 0.050048828125
10 0.514404296875 0.546142578125 0.028564453125 0.049560546875
28 0.544921875 0.544921875 0.02685546875 0.053955078125
11 0.651123046875 0.544921875 0.03125 0.052734375
6 0.64501953125 0.631591796875 0.019287109375 0.050537109375
1 0.53564453125 0.6318359375 0.01611328125 0.048828125
9 0.453369140625 0.6337890625 0.023681640625 0.049560546875
2 0.4609375 0.720947265625 0.02099609375 0.053955078125
0 0.38916015625 0.718994140625 0.022216796875 0.050048828125
8 0.382080078125 0.807861328125 0.020751953125 0.050537109375
3 0.44140625 0.806640625 0.01904296875 0.050048828125
1 0.59228515625 0.5419921875 0.011474609375 0.048095703125
6 0.651123046875 0.808349609375 0.02734375 0.0615234375
6 0.578125 0.806884765625 0.0244140625 0.047607421875
6 0.52197265625 0.71923828125 0.0185546875 0.050048828125
6 0.40673828125 0.636474609375 0.021484375 0.05029296875
1 0.4765625 0.63427734375 0.0146484375 0.0458984375
1 0.484130859375 0.72265625 0.013427734375 0.051025390625
8 0.46533203125 0.806884765625 0.024169921875 0.052490234375
0 0.50537109375 0.807373046875 0.0205078125 0.043701171875