8 0.3818359375 0.80615234375 0.017333984375 0.054931640625
6 0.57763671875 0.80810546875 0.0234375 0.051025390625
2 0.4130859375 0.720947265625 0.02099609375 0.05322265625
1 0.485595703125 0.80615234375 0.011962890625 0.048583984375
9 0.453125 0.634765625 0.0234375 0.050048828125
11 0.65087890625 0.543212890625 0.032470703125 0.0537109375
0 0.619384765625 0.63330078125 0.02490234375 0.041259765625
6 0.64501953125 0.633056640625 0.024169921875 0.051025390625
6 0.651611328125 0.805908203125 0.022216796875 0.050048828125
6 0.521484375 0.7216796875 0.024658203125 0.05322265625
6 0.405029296875 0.633544921875 0.0234375 0.05224609375
0 0.439208984375 0.720458984375 0.021240234375 0.04638671875
1 0.405029296875 0.809326171875 0.01806640625 0.040771484375
3 0.441650390625 0.80615234375 0.02197265625 0.05322265625
8 0.46435546875 0.805908203125 0.02294921875 0.054443359375
8 0.601318359375 0.805908203125 0.022216796875 0.052490234375
1 0.53466796875 0.632568359375 0.010498046875 0.054443359375
0 0.511474609375 0.633056640625 0.02294921875 0.0498046875