31 0.3720703125 0.203125 0.01708984375 0.0390625
9 0.4287109375 0.352294921875 0.02001953125 0.042724609375
3 0.347412109375 0.53515625 0.014892578125 0.0390625
4 0.501220703125 0.260986328125 0.01708984375 0.0419921875
4 0.483642578125 0.303955078125 0.013916015625 0.042724609375
4 0.404296875 0.206298828125 0.01953125 0.0439453125
5 0.379638671875 0.339111328125 0.027099609375 0.046630859375
5 0.33837890625 0.251708984375 0.0185546875 0.047119140625
1 0.43408203125 0.255615234375 0.01025390625 0.03662109375
0 0.458984375 0.210205078125 0.021240234375 0.041015625
2 0.43115234375 0.304443359375 0.018310546875 0.04248046875
7 0.46728515625 0.255615234375 0.014892578125 0.03564453125
5 0.484130859375 0.258544921875 0.01708984375 0.0390625
6 0.375244140625 0.254638671875 0.0166015625 0.04296875
8 0.34716796875 0.58349609375 0.016357421875 0.039306640625
5 0.333251953125 0.334716796875 0.019287109375 0.04345703125
1 0.40625 0.25537109375 0.009033203125 0.036376953125