4 0.501708984375 0.261474609375 0.017333984375 0.037353515625
5 0.37939453125 0.3408203125 0.02490234375 0.04736328125
1 0.340087890625 0.203369140625 0.008056640625 0.036376953125
2 0.355224609375 0.20361328125 0.01318359375 0.03955078125
31 0.372314453125 0.20556640625 0.016845703125 0.037841796875
3 0.404541015625 0.20751953125 0.017822265625 0.0380859375
4 0.48388671875 0.306884765625 0.01611328125 0.036865234375
0 0.4404296875 0.2080078125 0.016845703125 0.03955078125
1 0.435546875 0.255859375 0.009765625 0.037109375
6 0.3740234375 0.255126953125 0.015625 0.039794921875
2 0.431884765625 0.30419921875 0.013916015625 0.041259765625
7 0.466796875 0.259033203125 0.014892578125 0.03759765625
5 0.483642578125 0.261474609375 0.014892578125 0.0400390625
9 0.427001953125 0.351806640625 0.023681640625 0.041015625
0 0.474365234375 0.354736328125 0.02294921875 0.04443359375
5 0.331787109375 0.335693359375 0.023193359375 0.037109375
5 0.3408203125 0.251953125 0.016357421875 0.041259765625
3 0.346923828125 0.536865234375 0.015380859375 0.037109375
8 0.347412109375 0.583251953125 0.01708984375 0.039306640625
1 0.3330078125 0.581787109375 0.010498046875 0.03369140625
2 0.3642578125 0.538330078125 0.014404296875 0.037109375
0 0.38134765625 0.585693359375 0.017822265625 0.035400390625
0 0.458984375 0.20849609375 0.01708984375 0.037841796875