2 0.208984375 0.490966796875 0.026123046875 0.05859375
2 0.442626953125 0.4794921875 0.0283203125 0.053466796875
7 0.647705078125 0.46826171875 0.024658203125 0.046142578125
0 0.682861328125 0.46728515625 0.025634765625 0.0498046875
3 0.71484375 0.463623046875 0.02685546875 0.04931640625
10 0.510009765625 0.47607421875 0.033447265625 0.04736328125
1 0.41259765625 0.481201171875 0.016845703125 0.045166015625
1 0.3798828125 0.4833984375 0.016845703125 0.0576171875
0 0.23828125 0.48876953125 0.026123046875 0.048828125
8 0.74951171875 0.462646484375 0.03271484375 0.048583984375
1 0.58447265625 0.47216796875 0.020263671875 0.046875
2 0.61669921875 0.468505859375 0.02880859375 0.0517578125