28 0.4267578125 0.347900390625 0.028076171875 0.060302734375
17 0.47998046875 0.350341796875 0.027587890625 0.060302734375
18 0.508056640625 0.350341796875 0.0224609375 0.0625
25 0.533447265625 0.3515625 0.024658203125 0.056640625
27 0.560546875 0.35400390625 0.02197265625 0.05615234375
24 0.5888671875 0.353271484375 0.029296875 0.05078125
32 0.721923828125 0.359619140625 0.029296875 0.054443359375
7 0.746337890625 0.45849609375 0.025390625 0.052001953125
11 0.7744140625 0.363037109375 0.023681640625 0.052001953125
3 0.640869140625 0.45654296875 0.023193359375 0.060302734375
1 0.689453125 0.561767578125 0.019775390625 0.056640625
2 0.611083984375 0.5556640625 0.0205078125 0.057373046875
9 0.769287109375 0.56201171875 0.02490234375 0.049072265625
8 0.7734375 0.460205078125 0.022705078125 0.055419921875
6 0.693359375 0.45751953125 0.024658203125 0.058349609375
0 0.63671875 0.55712890625 0.0263671875 0.056640625
3 0.66796875 0.3583984375 0.024169921875 0.063232421875
3 0.8271484375 0.364501953125 0.028076171875 0.063232421875