28 0.426513671875 0.345703125 0.02734375 0.0546875
17 0.48046875 0.350341796875 0.025634765625 0.055908203125
18 0.508544921875 0.349609375 0.021484375 0.0546875
25 0.5341796875 0.35009765625 0.022216796875 0.0537109375
27 0.5595703125 0.351806640625 0.0234375 0.052734375
24 0.588623046875 0.353271484375 0.031005859375 0.0537109375
32 0.72216796875 0.357421875 0.03173828125 0.05419921875
11 0.773681640625 0.36328125 0.02880859375 0.054443359375
9 0.77001953125 0.56494140625 0.02587890625 0.049560546875
7 0.746337890625 0.459228515625 0.024658203125 0.04736328125
8 0.77392578125 0.4609375 0.02197265625 0.05712890625
6 0.694091796875 0.458251953125 0.0234375 0.052001953125
3 0.6669921875 0.357666015625 0.018798828125 0.0576171875
3 0.82568359375 0.363525390625 0.021728515625 0.05224609375
3 0.6396484375 0.456787109375 0.02294921875 0.05810546875
1 0.689697265625 0.5576171875 0.027587890625 0.058837890625
0 0.6376953125 0.557861328125 0.026123046875 0.059326171875