17 0.48095703125 0.349365234375 0.026611328125 0.053466796875
18 0.508056640625 0.350341796875 0.0234375 0.05517578125
25 0.533447265625 0.3515625 0.02734375 0.057861328125
27 0.562255859375 0.355712890625 0.023193359375 0.062255859375
32 0.722900390625 0.359130859375 0.0322265625 0.05908203125
11 0.77294921875 0.36328125 0.031005859375 0.0595703125
28 0.42626953125 0.345947265625 0.02978515625 0.060302734375
3 0.6396484375 0.456298828125 0.024169921875 0.054443359375
3 0.828369140625 0.3642578125 0.0234375 0.0595703125
3 0.669189453125 0.35888671875 0.02197265625 0.0537109375
1 0.69140625 0.562744140625 0.025390625 0.0517578125
9 0.7705078125 0.561767578125 0.025634765625 0.04833984375
8 0.77294921875 0.462890625 0.02490234375 0.051513671875
7 0.7470703125 0.458251953125 0.024658203125 0.054931640625
6 0.692626953125 0.460205078125 0.024169921875 0.050537109375