28 0.42578125 0.348388671875 0.026123046875 0.05517578125
27 0.560546875 0.35791015625 0.0244140625 0.057861328125
25 0.534912109375 0.35302734375 0.02294921875 0.062255859375
18 0.5078125 0.351318359375 0.026123046875 0.062744140625
17 0.479736328125 0.349365234375 0.029541015625 0.062255859375
24 0.5908203125 0.355224609375 0.034912109375 0.055908203125
32 0.72265625 0.3564453125 0.032470703125 0.064208984375
11 0.774658203125 0.361083984375 0.027099609375 0.056884765625
2 0.641845703125 0.35791015625 0.02734375 0.062255859375
2 0.610107421875 0.457275390625 0.027587890625 0.05810546875
2 0.60791015625 0.558349609375 0.025146484375 0.05615234375
3 0.639404296875 0.45849609375 0.023681640625 0.056640625
3 0.826904296875 0.3623046875 0.022216796875 0.0625
3 0.66650390625 0.3603515625 0.023681640625 0.04931640625
7 0.745361328125 0.459228515625 0.022216796875 0.0517578125
8 0.77392578125 0.461669921875 0.025390625 0.052978515625
9 0.770263671875 0.565185546875 0.02587890625 0.05517578125
1 0.689208984375 0.559326171875 0.020751953125 0.05419921875
2 0.663818359375 0.560302734375 0.02490234375 0.0556640625
6 0.693115234375 0.458251953125 0.023681640625 0.052490234375
0 0.71923828125 0.460693359375 0.02587890625 0.052001953125
0 0.744140625 0.56298828125 0.028076171875 0.05859375