35 0.4013671875 0.593017578125 0.0263671875 0.0244140625
25 0.426513671875 0.59521484375 0.024169921875 0.031494140625
7 0.4775390625 0.594970703125 0.0283203125 0.028564453125
7 0.611083984375 0.604248046875 0.019775390625 0.0283203125
8 0.583984375 0.60302734375 0.019287109375 0.02587890625
3 0.376708984375 0.59375 0.0205078125 0.02587890625
2 0.52880859375 0.60107421875 0.02099609375 0.029052734375
5 0.640380859375 0.60498046875 0.02783203125 0.02880859375
4 0.4794921875 0.684814453125 0.0205078125 0.025390625
8 0.432861328125 0.68310546875 0.023681640625 0.02197265625
1 0.505615234375 0.68798828125 0.02099609375 0.024658203125