35 0.398681640625 0.593017578125 0.025146484375 0.0283203125
25 0.425537109375 0.593994140625 0.02001953125 0.031005859375
8 0.582763671875 0.602783203125 0.024169921875 0.025390625
5 0.639404296875 0.605712890625 0.028076171875 0.0283203125
7 0.47607421875 0.59716796875 0.026611328125 0.0283203125
7 0.611328125 0.601806640625 0.021728515625 0.026611328125
0 0.556640625 0.6015625 0.021484375 0.026611328125
2 0.52685546875 0.601318359375 0.030029296875 0.02685546875
4 0.482177734375 0.6865234375 0.021728515625 0.025146484375
1 0.506591796875 0.685546875 0.026123046875 0.02783203125
3 0.37451171875 0.59423828125 0.02587890625 0.0263671875
8 0.43408203125 0.68310546875 0.0224609375 0.024169921875
0 0.44921875 0.5966796875 0.022705078125 0.02880859375