25 0.4248046875 0.594482421875 0.026611328125 0.030517578125
35 0.400146484375 0.59423828125 0.022705078125 0.023193359375
2 0.529541015625 0.601806640625 0.026611328125 0.028076171875
0 0.55517578125 0.6025390625 0.022705078125 0.029296875
8 0.582763671875 0.603515625 0.022216796875 0.02734375
7 0.60888671875 0.603271484375 0.0205078125 0.026123046875
5 0.637451171875 0.60595703125 0.0244140625 0.030517578125
3 0.376220703125 0.59326171875 0.021728515625 0.02734375
8 0.43310546875 0.6826171875 0.020263671875 0.025390625
4 0.480224609375 0.685546875 0.0234375 0.025634765625
1 0.505615234375 0.685546875 0.017822265625 0.0224609375
7 0.47705078125 0.5966796875 0.0224609375 0.030029296875
0 0.449951171875 0.59716796875 0.025634765625 0.028076171875