28 0.380615234375 0.465087890625 0.0224609375 0.048095703125
23 0.405517578125 0.462646484375 0.021240234375 0.054443359375
29 0.431884765625 0.462158203125 0.024658203125 0.05712890625
27 0.539306640625 0.452880859375 0.02099609375 0.04833984375
27 0.738037109375 0.436767578125 0.0263671875 0.0478515625
5 0.678955078125 0.44091796875 0.028076171875 0.055908203125
4 0.594482421875 0.44775390625 0.02685546875 0.051025390625
1 0.4853515625 0.45703125 0.024169921875 0.05078125
2 0.45849609375 0.460693359375 0.027099609375 0.052490234375
1 0.562744140625 0.448974609375 0.027587890625 0.055419921875
4 0.65087890625 0.44189453125 0.023681640625 0.052490234375
4 0.7080078125 0.43798828125 0.026123046875 0.058349609375
3 0.511474609375 0.45361328125 0.025634765625 0.05126953125