28 0.380615234375 0.46728515625 0.024658203125 0.053955078125
23 0.4072265625 0.462890625 0.0244140625 0.05615234375
29 0.43212890625 0.4599609375 0.019775390625 0.048095703125
2 0.459716796875 0.45947265625 0.024658203125 0.0556640625
1 0.4853515625 0.455810546875 0.02099609375 0.052490234375
3 0.5107421875 0.45361328125 0.02880859375 0.05126953125
27 0.539794921875 0.45361328125 0.024658203125 0.054443359375
4 0.594482421875 0.446533203125 0.022216796875 0.054443359375
0 0.623046875 0.44580078125 0.027099609375 0.0517578125
5 0.680419921875 0.43896484375 0.027099609375 0.057861328125
27 0.738525390625 0.4375 0.02587890625 0.053955078125
4 0.7080078125 0.438720703125 0.02734375 0.055908203125
4 0.652099609375 0.443603515625 0.02392578125 0.048583984375