28 0.381103515625 0.468505859375 0.020751953125 0.059326171875
23 0.407470703125 0.46142578125 0.02197265625 0.05908203125
29 0.431884765625 0.46044921875 0.020263671875 0.0556640625
27 0.538330078125 0.45068359375 0.0244140625 0.051513671875
27 0.73876953125 0.435546875 0.027099609375 0.047607421875
4 0.595947265625 0.447998046875 0.020263671875 0.052490234375
1 0.567138671875 0.452880859375 0.017333984375 0.05126953125
2 0.45849609375 0.459228515625 0.025390625 0.053466796875
3 0.510986328125 0.453369140625 0.029541015625 0.052001953125
4 0.64892578125 0.44287109375 0.02685546875 0.04638671875
4 0.7080078125 0.439453125 0.024169921875 0.050048828125
5 0.679443359375 0.440185546875 0.025146484375 0.049560546875