28 0.3818359375 0.4697265625 0.02197265625 0.053466796875
23 0.406005859375 0.4638671875 0.023193359375 0.052001953125
29 0.433349609375 0.462158203125 0.023193359375 0.053466796875
27 0.53955078125 0.45166015625 0.020751953125 0.052001953125
27 0.739013671875 0.4365234375 0.025390625 0.0517578125
3 0.51171875 0.455810546875 0.02490234375 0.04833984375
4 0.594970703125 0.447998046875 0.02490234375 0.052001953125
2 0.458740234375 0.4609375 0.024169921875 0.045654296875
1 0.485107421875 0.456298828125 0.0205078125 0.05419921875
1 0.565185546875 0.44970703125 0.023193359375 0.05615234375
0 0.62451171875 0.445068359375 0.025390625 0.048828125
4 0.6513671875 0.442138671875 0.025146484375 0.0546875
4 0.70751953125 0.439453125 0.0263671875 0.0556640625
5 0.67919921875 0.440673828125 0.029052734375 0.056884765625