12 0.3857421875 0.36083984375 0.02294921875 0.03466796875
32 0.407958984375 0.356201171875 0.027587890625 0.03271484375
11 0.573974609375 0.32275390625 0.02294921875 0.035400390625
16 0.596435546875 0.318115234375 0.02197265625 0.0341796875
11 0.619140625 0.3134765625 0.019287109375 0.040283203125
32 0.640625 0.309326171875 0.027099609375 0.033447265625
0 0.50244140625 0.333984375 0.020751953125 0.035400390625
5 0.5205078125 0.580322265625 0.0244140625 0.041748046875
2 0.299072265625 0.490478515625 0.0234375 0.04931640625
3 0.243896484375 0.50048828125 0.027099609375 0.048583984375
1 0.84423828125 0.3740234375 0.0234375 0.04443359375
5 0.47998046875 0.340576171875 0.026123046875 0.04296875
5 0.4697265625 0.58984375 0.02587890625 0.049560546875
4 0.525146484375 0.329345703125 0.020263671875 0.04296875
5 0.853515625 0.49462890625 0.023681640625 0.05078125
5 0.862548828125 0.371826171875 0.0283203125 0.04443359375