32 0.64111328125 0.309326171875 0.02685546875 0.0400390625
11 0.619140625 0.309814453125 0.021728515625 0.042236328125
11 0.57373046875 0.324951171875 0.021484375 0.033447265625
32 0.40869140625 0.35791015625 0.027587890625 0.04296875
16 0.5966796875 0.321533203125 0.02490234375 0.035888671875
5 0.51904296875 0.580078125 0.02197265625 0.043212890625
5 0.468505859375 0.592529296875 0.030029296875 0.0439453125
5 0.4794921875 0.340576171875 0.018798828125 0.03759765625
12 0.38525390625 0.358642578125 0.0205078125 0.04248046875
3 0.244384765625 0.501953125 0.0205078125 0.045166015625
4 0.527587890625 0.332275390625 0.023681640625 0.043701171875
5 0.864501953125 0.370849609375 0.02099609375 0.04443359375
5 0.852783203125 0.498291015625 0.023681640625 0.040771484375
0 0.895751953125 0.484130859375 0.0302734375 0.0458984375
1 0.841552734375 0.376953125 0.026123046875 0.03759765625