12 0.38525390625 0.364013671875 0.02294921875 0.0419921875
32 0.408935546875 0.360595703125 0.028564453125 0.04443359375
11 0.573974609375 0.326171875 0.02099609375 0.046630859375
16 0.595947265625 0.32080078125 0.021484375 0.03955078125
11 0.617919921875 0.317626953125 0.021484375 0.0439453125
32 0.63916015625 0.306640625 0.02685546875 0.03955078125
5 0.478759765625 0.342529296875 0.021240234375 0.04736328125
5 0.52099609375 0.5810546875 0.024658203125 0.050048828125
5 0.47021484375 0.59033203125 0.0263671875 0.05419921875
2 0.296630859375 0.48779296875 0.0244140625 0.046142578125
3 0.2431640625 0.50146484375 0.024169921875 0.0498046875
1 0.454833984375 0.350341796875 0.018798828125 0.04345703125
4 0.523681640625 0.33447265625 0.023193359375 0.04296875
5 0.86376953125 0.3720703125 0.021728515625 0.051025390625
5 0.851806640625 0.497802734375 0.02783203125 0.046630859375
0 0.897705078125 0.487548828125 0.02685546875 0.04443359375
0 0.8857421875 0.36962890625 0.0205078125 0.047119140625
1 0.84375 0.377197265625 0.021240234375 0.0380859375