12 0.38427734375 0.362548828125 0.024658203125 0.037353515625
32 0.4091796875 0.35693359375 0.024169921875 0.03466796875
11 0.573486328125 0.32275390625 0.0244140625 0.044189453125
16 0.596435546875 0.3193359375 0.021484375 0.0458984375
11 0.617431640625 0.312744140625 0.022705078125 0.041748046875
32 0.64111328125 0.3115234375 0.031005859375 0.037109375
5 0.8642578125 0.370849609375 0.018798828125 0.047119140625
4 0.52685546875 0.332275390625 0.022216796875 0.0439453125
0 0.501220703125 0.336669921875 0.021484375 0.0439453125
5 0.47998046875 0.339599609375 0.018798828125 0.042724609375
5 0.521728515625 0.580810546875 0.02734375 0.044189453125
5 0.47119140625 0.58837890625 0.024169921875 0.05224609375
5 0.853515625 0.5 0.024169921875 0.048095703125
1 0.84375 0.373779296875 0.021728515625 0.04150390625
3 0.242431640625 0.502685546875 0.030517578125 0.0517578125
2 0.296630859375 0.48828125 0.02783203125 0.049560546875