16 0.693115234375 0.455322265625 0.029052734375 0.0498046875
27 0.219970703125 0.45654296875 0.02734375 0.05908203125
10 0.32470703125 0.591796875 0.0283203125 0.05322265625
28 0.3544921875 0.5908203125 0.026611328125 0.063232421875
23 0.265869140625 0.592041015625 0.025634765625 0.051513671875
24 0.296142578125 0.593017578125 0.029541015625 0.0556640625
5 0.32763671875 0.329345703125 0.025146484375 0.057373046875
4 0.63623046875 0.454833984375 0.022216796875 0.053466796875
4 0.508544921875 0.58837890625 0.025146484375 0.051025390625
4 0.47802734375 0.59130859375 0.022216796875 0.052001953125
4 0.4482421875 0.591552734375 0.02490234375 0.045654296875
4 0.29833984375 0.326416015625 0.02392578125 0.055419921875
2 0.27978515625 0.45849609375 0.021728515625 0.057861328125
2 0.36376953125 0.455322265625 0.02685546875 0.052734375
6 0.334716796875 0.456298828125 0.0263671875 0.056396484375
6 0.4208984375 0.59228515625 0.027099609375 0.055419921875
8 0.30712890625 0.455810546875 0.024169921875 0.052734375
1 0.379638671875 0.32958984375 0.020263671875 0.05029296875
1 0.650634765625 0.331787109375 0.018310546875 0.057861328125
5 0.66357421875 0.4560546875 0.021484375 0.05029296875
5 0.7705078125 0.4560546875 0.02001953125 0.048583984375
0 0.794677734375 0.45556640625 0.024658203125 0.04931640625
7 0.720458984375 0.455810546875 0.019287109375 0.050048828125
8 0.74462890625 0.455810546875 0.02392578125 0.050048828125
8 0.7431640625 0.330078125 0.021728515625 0.06103515625
8 0.71240234375 0.332275390625 0.0244140625 0.057373046875
3 0.681884765625 0.332763671875 0.02490234375 0.059814453125
7 0.772216796875 0.333251953125 0.02099609375 0.0546875
0 0.39453125 0.453125 0.0322265625 0.050048828125
0 0.239501953125 0.331298828125 0.030029296875 0.05078125