16 0.693115234375 0.45849609375 0.027587890625 0.054443359375
23 0.266357421875 0.590087890625 0.024658203125 0.054443359375
24 0.294677734375 0.591064453125 0.024658203125 0.05615234375
28 0.353271484375 0.59423828125 0.0341796875 0.064697265625
8 0.305419921875 0.45849609375 0.024658203125 0.053466796875
6 0.33447265625 0.45751953125 0.02392578125 0.049560546875
6 0.418212890625 0.5908203125 0.025634765625 0.054931640625
4 0.44775390625 0.591064453125 0.02587890625 0.05908203125
4 0.476318359375 0.591552734375 0.025146484375 0.05615234375
4 0.50634765625 0.593017578125 0.031494140625 0.053466796875
4 0.297607421875 0.32470703125 0.02685546875 0.053466796875
27 0.2197265625 0.455078125 0.02880859375 0.052490234375
1 0.383544921875 0.327880859375 0.026123046875 0.052001953125
1 0.649169921875 0.330810546875 0.02587890625 0.0634765625
3 0.680908203125 0.329345703125 0.025146484375 0.0625
8 0.71337890625 0.33251953125 0.025146484375 0.070556640625
8 0.742919921875 0.331298828125 0.0244140625 0.064453125
8 0.744873046875 0.450927734375 0.0205078125 0.0576171875
7 0.720458984375 0.453369140625 0.018310546875 0.049072265625
7 0.76953125 0.329833984375 0.024169921875 0.053955078125
4 0.635986328125 0.456787109375 0.024169921875 0.052001953125
5 0.66259765625 0.456787109375 0.023681640625 0.0615234375
5 0.768798828125 0.45361328125 0.023681640625 0.051513671875
0 0.79541015625 0.45703125 0.024658203125 0.052490234375
10 0.326171875 0.59228515625 0.02392578125 0.0595703125