27 0.22021484375 0.4580078125 0.02783203125 0.053955078125
23 0.26611328125 0.593017578125 0.02685546875 0.0556640625
24 0.295654296875 0.591064453125 0.0263671875 0.054931640625
10 0.32373046875 0.593017578125 0.02294921875 0.05224609375
28 0.356201171875 0.5927734375 0.02734375 0.0498046875
6 0.419921875 0.5927734375 0.02490234375 0.054931640625
4 0.44873046875 0.591064453125 0.02294921875 0.051513671875
8 0.3056640625 0.457275390625 0.02197265625 0.045654296875
2 0.36376953125 0.454833984375 0.02197265625 0.050537109375
16 0.69287109375 0.456787109375 0.0263671875 0.051513671875
7 0.720458984375 0.455078125 0.02001953125 0.051513671875
5 0.770751953125 0.458984375 0.02294921875 0.050537109375
3 0.68310546875 0.330810546875 0.02734375 0.05908203125
1 0.38232421875 0.327392578125 0.01708984375 0.048828125
7 0.770263671875 0.330322265625 0.02197265625 0.044677734375
4 0.299072265625 0.326416015625 0.024169921875 0.04736328125
4 0.47802734375 0.5908203125 0.02587890625 0.052001953125
4 0.508056640625 0.591796875 0.031005859375 0.060302734375
6 0.33447265625 0.45166015625 0.021728515625 0.060791015625
5 0.32763671875 0.326416015625 0.024658203125 0.053466796875
5 0.662841796875 0.455078125 0.02294921875 0.051025390625
4 0.6376953125 0.4541015625 0.02294921875 0.051025390625
8 0.7412109375 0.332275390625 0.025634765625 0.05712890625
8 0.74560546875 0.456298828125 0.0234375 0.0576171875
8 0.712890625 0.33203125 0.0244140625 0.06494140625
1 0.650146484375 0.3291015625 0.0205078125 0.0634765625