27 0.220703125 0.456787109375 0.026123046875 0.058349609375
23 0.264892578125 0.58984375 0.02587890625 0.056640625
24 0.295654296875 0.59228515625 0.02490234375 0.05908203125
10 0.32421875 0.593994140625 0.023681640625 0.055908203125
28 0.354736328125 0.59130859375 0.028564453125 0.057373046875
16 0.692138671875 0.457763671875 0.024169921875 0.049072265625
8 0.306640625 0.453125 0.020751953125 0.052978515625
7 0.719482421875 0.456298828125 0.021484375 0.052490234375
4 0.509521484375 0.587646484375 0.02587890625 0.043212890625
6 0.41943359375 0.593017578125 0.02783203125 0.055908203125
5 0.326171875 0.32568359375 0.023681640625 0.05224609375
4 0.449462890625 0.59228515625 0.022216796875 0.054443359375
4 0.477294921875 0.59326171875 0.022216796875 0.056396484375
4 0.635986328125 0.455322265625 0.027099609375 0.060546875
5 0.663330078125 0.454345703125 0.02392578125 0.060546875
6 0.3349609375 0.456787109375 0.025390625 0.0615234375
2 0.361572265625 0.45703125 0.0302734375 0.052001953125
1 0.382080078125 0.323974609375 0.027099609375 0.052001953125
4 0.2958984375 0.323974609375 0.026123046875 0.05810546875
5 0.77001953125 0.45751953125 0.021484375 0.050048828125
8 0.7431640625 0.457275390625 0.02197265625 0.044677734375
0 0.793212890625 0.455322265625 0.025390625 0.0439453125
8 0.742919921875 0.330810546875 0.027099609375 0.056640625
8 0.712158203125 0.330322265625 0.026611328125 0.058837890625
3 0.6826171875 0.33056640625 0.026611328125 0.0546875