0 0.3020373735326697 0.31977617650277407 0.10464553207825791 0.10375842055068932
0 0.3019651272332975 0.4278782536062963 0.14384773442229637 0.13294317599857094
0 0.5017438841731278 0.48695759470767486 0.27125084361388013 0.17918402749150975
0 0.42840890885013005 0.362056147673882 0.10544656847545256 0.11625842055068931
0 0.5459165838962725 0.3873835656266812 0.1404223457733483 0.1280371547112475
0 0.6580556384920644 0.4138910713266645 0.12832286397194573 0.1334130695619536
0 0.6462124265625 0.5565266234374999 0.7084553812500001 0.560445665625 0.7142053328125 0.47351471875 0.64267675 0.45957813906249995 0.6462124265625 0.5565266234374999
0 0.7208354031249999 0.4638556359375 0.73311198125 0.538693371875 0.8459795109374999 0.556164990625 0.828220328125 0.472436971875 0.7208354031249999 0.4638556359375
0 0.516987921875 0.335140503125 0.536282984375 0.2507714234375 0.3240426078125 0.1951265015625 0.27763210625 0.262740078125 0.516987921875 0.335140503125
0 0.604737371875 0.27106196875 0.602530690625 0.348871909375 0.81565878125 0.3757192078125 0.793899865625 0.3096951171875 0.604737371875 0.27106196875
0 0.7209060375 0.3868655859375 0.7227243078125001 0.45860337656250005 0.854309365625 0.454015340625 0.8263768421875 0.3890674078125 0.7209060375 0.3868655859375