0 0.2597442013044188 0.34403906017246644 0.08957156010845857 0.09164815260503385
0 0.26741177643999203 0.4537415459044428 0.12408291549465282 0.11668669396136266
0 0.469850975210328 0.47957210752465135 0.25231699980360833 0.1414042117440431
0 0.38639760489521496 0.3655588033480409 0.08808178298109555 0.10407537799792799
0 0.5043754452542946 0.37261578618453317 0.12248405405833437 0.1103639193542568
0 0.6168936259724538 0.38098055789615487 0.10847609621281222 0.11908394789030421
0 0.616988425 0.526341934375 0.6785397468750001 0.520113646875 0.677077040625 0.43161446718749996 0.6055707781249999 0.42927086406250003 0.616988425 0.526341934375
0 0.6828082328125 0.42080167812499997 0.7010138484375 0.49417322812500003 0.81347604375 0.49331920937499996 0.7891489578125 0.41188944375 0.6828082328125 0.42080167812499997
0 0.47173599531250004 0.3244819234375 0.483807846875 0.23634872968749998 0.2704632578125 0.2149993296875 0.23034491250000003 0.29068883749999996 0.47173599531250004 0.3244819234375
0 0.552810278125 0.24559479374999998 0.5570116546875 0.32432779218749996 0.7688711671874999 0.316526334375 0.7420592578125 0.2535823203125 0.552810278125 0.24559479374999998
0 0.6765727 0.3432437046875 0.684236278125 0.41520266093749997 0.8133049531250001 0.389069578125 0.7805080015625 0.328218778125 0.6765727 0.3432437046875