0 0.2926942695605611 0.3013754363610414 0.10030761646291486 0.09753092306201391
0 0.29452012041964376 0.4108413553389928 0.13911781094499087 0.12340374525034736
0 0.4949229121427578 0.4437226712590621 0.2673999412027157 0.15916202013597242
0 0.41920918193046147 0.3273722790665968 0.10252521370395296 0.11006729065319458
0 0.5363114727490644 0.3379441435236454 0.1357471494796016 0.11864351006798621
0 0.6488081507227971 0.35018761075423555 0.12357469810012063 0.12460256933854179
0 0.640414984375 0.495394303125 0.7024960140625 0.49133785156250004 0.70618365625 0.40307503593750005 0.63461991875 0.3982394546875 0.640414984375 0.495394303125
0 0.712560146875 0.392497715625 0.7265418859375 0.46626731250000003 0.8393588921875 0.469347328125 0.8197083968750001 0.3873317046875 0.712560146875 0.392497715625
0 0.5065251453124999 0.2891125609375 0.5237627421875 0.20168765937500002 0.311082846875 0.1729498828125 0.2664474109375 0.246991125 0.5065251453124999 0.2891125609375
0 0.5924138484375 0.21331575468750003 0.5920411031249999 0.29193985 0.8049296796875 0.291569553125 0.7817109875 0.22789277187499998 0.5924138484375 0.21331575468750003
0 0.710824784375 0.3149737203125 0.7143181609375 0.386966803125 0.845258978125 0.365430375 0.8159170984375 0.30363079375 0.710824784375 0.3149737203125