27 0.35205078125 0.40380859375 0.03173828125 0.061279296875
27 0.399658203125 0.47802734375 0.031494140625 0.0625
11 0.4306640625 0.396728515625 0.031494140625 0.064697265625
4 0.50537109375 0.639404296875 0.029296875 0.06689453125
9 0.32470703125 0.484130859375 0.03466796875 0.0625
8 0.554931640625 0.469482421875 0.03564453125 0.065185546875
8 0.62060546875 0.639892578125 0.038818359375 0.073974609375
0 0.582763671875 0.637939453125 0.0390625 0.0673828125
7 0.546875 0.636474609375 0.033935546875 0.0615234375
1 0.35009765625 0.6416015625 0.029052734375 0.06494140625
1 0.513427734375 0.474609375 0.029541015625 0.0615234375
4 0.47314453125 0.474365234375 0.034423828125 0.0634765625
13 0.36376953125 0.479736328125 0.028076171875 0.064697265625
4 0.391845703125 0.400634765625 0.033447265625 0.05810546875
28 0.31396484375 0.40380859375 0.031982421875 0.068359375
5 0.3916015625 0.643798828125 0.0361328125 0.067626953125