28 0.314697265625 0.4052734375 0.03125 0.061279296875
27 0.35205078125 0.402587890625 0.029296875 0.06103515625
11 0.4296875 0.398681640625 0.0302734375 0.067138671875
27 0.400634765625 0.479736328125 0.03515625 0.064453125
7 0.5478515625 0.634033203125 0.02734375 0.068115234375
8 0.61865234375 0.637939453125 0.03271484375 0.06591796875
9 0.32470703125 0.4814453125 0.02978515625 0.06103515625
5 0.391357421875 0.63916015625 0.031982421875 0.071533203125
4 0.503662109375 0.6396484375 0.03271484375 0.0693359375
1 0.515380859375 0.474609375 0.028076171875 0.06640625
4 0.475830078125 0.471923828125 0.031005859375 0.06201171875
0 0.438232421875 0.476806640625 0.03173828125 0.064208984375
8 0.553466796875 0.47314453125 0.03173828125 0.061767578125
13 0.3642578125 0.481201171875 0.033203125 0.063232421875
1 0.346435546875 0.64306640625 0.02783203125 0.07177734375