28 0.313232421875 0.4072265625 0.02685546875 0.06396484375
27 0.352783203125 0.404296875 0.02734375 0.058349609375
27 0.400146484375 0.478515625 0.033447265625 0.06005859375
13 0.362548828125 0.479248046875 0.031005859375 0.05859375
8 0.553466796875 0.47265625 0.03271484375 0.069580078125
11 0.431396484375 0.40087890625 0.034423828125 0.059814453125
7 0.548583984375 0.6357421875 0.030029296875 0.0634765625
3 0.390625 0.640380859375 0.033203125 0.0712890625
0 0.58349609375 0.636474609375 0.03125 0.07080078125
9 0.323486328125 0.483642578125 0.033203125 0.06005859375
4 0.47412109375 0.478271484375 0.03173828125 0.06494140625
1 0.515380859375 0.47119140625 0.031494140625 0.06640625
0 0.438720703125 0.47607421875 0.032958984375 0.0634765625
4 0.391357421875 0.400634765625 0.030517578125 0.06640625
1 0.349609375 0.640869140625 0.022216796875 0.069580078125
4 0.5048828125 0.63720703125 0.035888671875 0.068115234375
8 0.619384765625 0.633056640625 0.032958984375 0.0751953125
2 0.59619140625 0.46826171875 0.034423828125 0.069091796875
0 0.428955078125 0.641845703125 0.035888671875 0.0771484375