29 0.45361328125 0.21875 0.037841796875 0.075439453125
18 0.4912109375 0.2216796875 0.021240234375 0.07470703125
21 0.52880859375 0.218994140625 0.036376953125 0.080810546875
29 0.569580078125 0.221923828125 0.03515625 0.07421875
29 0.6845703125 0.226806640625 0.029541015625 0.07421875
29 0.759033203125 0.22900390625 0.026611328125 0.07080078125
27 0.605712890625 0.22607421875 0.036376953125 0.07568359375
27 0.826416015625 0.231689453125 0.034423828125 0.069580078125
27 0.843505859375 0.325927734375 0.028076171875 0.06640625
9 0.598388671875 0.3232421875 0.043212890625 0.06689453125
2 0.52587890625 0.32177734375 0.040771484375 0.0693359375
14 0.44677734375 0.3212890625 0.034423828125 0.07080078125
22 0.445068359375 0.411376953125 0.0380859375 0.066162109375
6 0.44482421875 0.4990234375 0.039306640625 0.05908203125
7 0.59375 0.41162109375 0.03271484375 0.064697265625
10 0.721923828125 0.2275390625 0.040283203125 0.074462890625
24 0.64501953125 0.2265625 0.03759765625 0.078125
28 0.707763671875 0.322265625 0.031982421875 0.0703125
16 0.810791015625 0.32373046875 0.031494140625 0.062744140625
1 0.5615234375 0.323486328125 0.020751953125 0.0751953125
2 0.63134765625 0.412353515625 0.03564453125 0.065673828125
2 0.873779296875 0.326416015625 0.032958984375 0.064208984375
0 0.909912109375 0.32763671875 0.029052734375 0.0625
2 0.520263671875 0.412109375 0.0302734375 0.067626953125
8 0.51904296875 0.50244140625 0.035888671875 0.060546875
3 0.48583984375 0.412841796875 0.035400390625 0.0751953125
5 0.55712890625 0.41162109375 0.035888671875 0.07080078125
26 0.673828125 0.32275390625 0.034912109375 0.065185546875
6 0.742431640625 0.324951171875 0.031494140625 0.065673828125
12 0.486572265625 0.3203125 0.036865234375 0.073486328125
12 0.7919921875 0.22705078125 0.033935546875 0.0771484375