29 0.45166015625 0.216552734375 0.03662109375 0.075439453125
21 0.529052734375 0.219970703125 0.038818359375 0.079833984375
18 0.491455078125 0.218994140625 0.02978515625 0.078125
29 0.569580078125 0.22021484375 0.02978515625 0.075927734375
27 0.605224609375 0.22021484375 0.0400390625 0.06787109375
24 0.647216796875 0.224365234375 0.038330078125 0.06787109375
29 0.683837890625 0.2255859375 0.033203125 0.076416015625
10 0.718994140625 0.2265625 0.037109375 0.073486328125
29 0.75830078125 0.22802734375 0.035888671875 0.075439453125
24 0.79296875 0.230224609375 0.03369140625 0.076416015625
14 0.44775390625 0.3193359375 0.035400390625 0.068359375
12 0.486572265625 0.319091796875 0.034912109375 0.0654296875
2 0.525390625 0.322265625 0.034912109375 0.07177734375
1 0.561767578125 0.321044921875 0.020263671875 0.068359375
9 0.59912109375 0.32177734375 0.03759765625 0.07080078125
28 0.707763671875 0.3251953125 0.03271484375 0.062744140625
28 0.67236328125 0.323486328125 0.034423828125 0.06494140625
26 0.689697265625 0.356689453125 0.00048828125 0.001708984375
6 0.7431640625 0.323974609375 0.0341796875 0.0615234375
16 0.811767578125 0.325927734375 0.034912109375 0.06787109375
27 0.844482421875 0.327392578125 0.0302734375 0.066162109375
7 0.593017578125 0.41064453125 0.029296875 0.066650390625
2 0.519775390625 0.41259765625 0.031494140625 0.06494140625
6 0.4462890625 0.499755859375 0.034423828125 0.0576171875
22 0.4462890625 0.414794921875 0.041748046875 0.063720703125
5 0.558349609375 0.413818359375 0.036376953125 0.0654296875
8 0.517822265625 0.498291015625 0.03564453125 0.0693359375