21 0.526123046875 0.222900390625 0.037841796875 0.081298828125
27 0.6083984375 0.222900390625 0.03515625 0.077880859375
24 0.64892578125 0.224853515625 0.03564453125 0.07080078125
10 0.719482421875 0.2294921875 0.036865234375 0.0712890625
12 0.48828125 0.31982421875 0.032958984375 0.078125
22 0.446533203125 0.412353515625 0.035888671875 0.071533203125
8 0.5185546875 0.50048828125 0.03515625 0.06103515625
7 0.594970703125 0.410888671875 0.03271484375 0.06689453125
16 0.81103515625 0.32470703125 0.029052734375 0.060546875
27 0.843017578125 0.324951171875 0.031005859375 0.05908203125
24 0.791015625 0.23388671875 0.035888671875 0.0732421875
26 0.673095703125 0.3232421875 0.0361328125 0.059814453125
29 0.45458984375 0.2158203125 0.042724609375 0.07568359375
29 0.569091796875 0.21875 0.0380859375 0.08935546875
18 0.4921875 0.21484375 0.0283203125 0.080078125
29 0.684814453125 0.223388671875 0.0341796875 0.0712890625
29 0.7568359375 0.229248046875 0.03369140625 0.07275390625
27 0.82763671875 0.235107421875 0.034912109375 0.071533203125
2 0.87451171875 0.32763671875 0.02880859375 0.06005859375
5 0.557373046875 0.412353515625 0.04052734375 0.066650390625
8 0.483642578125 0.41015625 0.031005859375 0.067138671875
6 0.443359375 0.49951171875 0.03662109375 0.06103515625
9 0.598876953125 0.3212890625 0.037353515625 0.072998046875
1 0.560791015625 0.31640625 0.021240234375 0.065185546875
14 0.44921875 0.317626953125 0.041259765625 0.076171875
6 0.7421875 0.320556640625 0.026123046875 0.069091796875
28 0.707275390625 0.321044921875 0.03955078125 0.0673828125