10 0.718994140625 0.232421875 0.043212890625 0.072265625
28 0.70849609375 0.325439453125 0.03125 0.072265625
16 0.811279296875 0.324951171875 0.028564453125 0.065673828125
27 0.8447265625 0.3251953125 0.0302734375 0.06201171875
7 0.593505859375 0.411865234375 0.034912109375 0.06591796875
8 0.518798828125 0.500732421875 0.041748046875 0.068115234375
27 0.60498046875 0.22607421875 0.037841796875 0.0810546875
29 0.6845703125 0.221435546875 0.02734375 0.07177734375
29 0.760498046875 0.23046875 0.03173828125 0.07666015625
6 0.743408203125 0.325927734375 0.032958984375 0.071044921875
9 0.598876953125 0.325439453125 0.04150390625 0.075439453125
1 0.562255859375 0.320068359375 0.025634765625 0.074951171875
5 0.55712890625 0.41064453125 0.036865234375 0.06884765625
6 0.441650390625 0.501953125 0.04345703125 0.069580078125
2 0.87548828125 0.328125 0.0302734375 0.066162109375