12 0.1875 0.295166015625 0.028564453125 0.054931640625
4 0.14404296875 0.30419921875 0.018310546875 0.05224609375
12 0.22021484375 0.397705078125 0.025634765625 0.068115234375
12 0.421875 0.354736328125 0.028076171875 0.072998046875
29 0.451904296875 0.34814453125 0.029296875 0.0751953125
25 0.4873046875 0.341552734375 0.025634765625 0.0771484375
19 0.520751953125 0.3330078125 0.026123046875 0.0751953125
32 0.554443359375 0.323974609375 0.032958984375 0.08056640625
29 0.27197265625 0.385498046875 0.0234375 0.061767578125
10 0.247314453125 0.392822265625 0.0224609375 0.07373046875
5 0.388671875 0.3603515625 0.0244140625 0.06884765625
0 0.593505859375 0.317626953125 0.03076171875 0.08056640625
1 0.6298828125 0.3125 0.028076171875 0.08837890625
2 0.713623046875 0.292724609375 0.035400390625 0.084716796875
4 0.752197265625 0.283203125 0.0380859375 0.082763671875
4 0.362060546875 0.36572265625 0.02294921875 0.08154296875
3 0.3291015625 0.370361328125 0.028076171875 0.067626953125
3 0.121337890625 0.310546875 0.0185546875 0.052001953125
5 0.1611328125 0.299072265625 0.02392578125 0.056640625