25 0.487060546875 0.34423828125 0.030029296875 0.072998046875
19 0.520751953125 0.331298828125 0.028076171875 0.0751953125
32 0.555419921875 0.32958984375 0.0361328125 0.076904296875
5 0.163330078125 0.298095703125 0.021240234375 0.054443359375
5 0.389404296875 0.359619140625 0.028564453125 0.07275390625
4 0.753662109375 0.285888671875 0.034423828125 0.08544921875
4 0.36083984375 0.36572265625 0.02587890625 0.0771484375
29 0.45166015625 0.34814453125 0.025146484375 0.0712890625
12 0.421630859375 0.357421875 0.02880859375 0.076171875
12 0.2177734375 0.39990234375 0.02197265625 0.064208984375
12 0.186279296875 0.29296875 0.025634765625 0.053955078125
4 0.142822265625 0.303955078125 0.0185546875 0.04443359375
3 0.329345703125 0.375 0.027099609375 0.07373046875
29 0.27001953125 0.3837890625 0.023681640625 0.06982421875
10 0.24658203125 0.393798828125 0.02880859375 0.07177734375
3 0.12158203125 0.311279296875 0.022216796875 0.060791015625
1 0.630126953125 0.307373046875 0.03369140625 0.0810546875