12 0.187744140625 0.293701171875 0.02490234375 0.051025390625
10 0.249755859375 0.393798828125 0.0283203125 0.066162109375
12 0.220458984375 0.399169921875 0.024658203125 0.067626953125
29 0.45068359375 0.34814453125 0.031494140625 0.066650390625
25 0.486083984375 0.3408203125 0.03125 0.0703125
19 0.522705078125 0.33447265625 0.02880859375 0.06982421875
32 0.5556640625 0.32763671875 0.03271484375 0.0712890625
1 0.633056640625 0.307861328125 0.0205078125 0.08056640625
3 0.120849609375 0.314208984375 0.025634765625 0.052978515625
3 0.328857421875 0.37548828125 0.02734375 0.066650390625
4 0.14306640625 0.304931640625 0.017578125 0.052001953125
4 0.359375 0.36865234375 0.0244140625 0.06640625
4 0.7529296875 0.283203125 0.03857421875 0.08642578125
2 0.710693359375 0.293212890625 0.03759765625 0.071533203125
29 0.270263671875 0.385498046875 0.02490234375 0.059814453125
5 0.162109375 0.299072265625 0.018798828125 0.044189453125
0 0.59423828125 0.317138671875 0.03369140625 0.0791015625
5 0.388916015625 0.360107421875 0.026123046875 0.07958984375
12 0.421630859375 0.353271484375 0.02490234375 0.059814453125
0 0.668212890625 0.302490234375 0.033447265625 0.07861328125