12 0.221435546875 0.400146484375 0.02587890625 0.070068359375
29 0.27197265625 0.38232421875 0.023193359375 0.062255859375
25 0.48583984375 0.3447265625 0.03173828125 0.073486328125
19 0.52099609375 0.335693359375 0.025390625 0.079833984375
32 0.55810546875 0.3291015625 0.037841796875 0.072265625
10 0.249755859375 0.392578125 0.02490234375 0.072265625
12 0.187744140625 0.29150390625 0.028564453125 0.052978515625
12 0.422607421875 0.35595703125 0.029052734375 0.075927734375
29 0.450927734375 0.34130859375 0.027099609375 0.059326171875
4 0.359130859375 0.365478515625 0.02880859375 0.074462890625
4 0.755126953125 0.285400390625 0.038818359375 0.090087890625
4 0.1435546875 0.307861328125 0.01806640625 0.052490234375
5 0.16162109375 0.29736328125 0.025634765625 0.048095703125
5 0.388916015625 0.35791015625 0.023681640625 0.07763671875
3 0.122314453125 0.31005859375 0.022705078125 0.055419921875