13 0.326904296875 0.658447265625 0.0361328125 0.027099609375
20 0.44384765625 0.492431640625 0.030517578125 0.031494140625
7 0.505126953125 0.3291015625 0.02490234375 0.041015625
10 0.3623046875 0.702392578125 0.02880859375 0.027587890625
3 0.33447265625 0.630615234375 0.031494140625 0.02685546875
6 0.31689453125 0.6845703125 0.02783203125 0.030029296875
4 0.307373046875 0.711181640625 0.0322265625 0.029541015625
2 0.391357421875 0.62548828125 0.029296875 0.02734375
4 0.401123046875 0.599365234375 0.031982421875 0.028564453125
6 0.412353515625 0.57275390625 0.026123046875 0.03369140625
29 0.367919921875 0.675048828125 0.0302734375 0.030517578125
12 0.35009765625 0.729248046875 0.02978515625 0.023681640625
13 0.42333984375 0.54541015625 0.023681640625 0.0361328125
29 0.432373046875 0.5166015625 0.024658203125 0.031982421875
6 0.46337890625 0.44140625 0.027099609375 0.029541015625
12 0.455322265625 0.468994140625 0.02685546875 0.0263671875
3 0.49560546875 0.359375 0.02685546875 0.034423828125
1 0.515869140625 0.30419921875 0.026123046875 0.034423828125