13 0.422119140625 0.5478515625 0.026611328125 0.025634765625
20 0.44384765625 0.494384765625 0.031005859375 0.030029296875
13 0.326171875 0.656494140625 0.0263671875 0.039306640625
7 0.504150390625 0.32958984375 0.028076171875 0.0361328125
3 0.3359375 0.626220703125 0.03076171875 0.02734375
6 0.315185546875 0.68310546875 0.030517578125 0.02685546875
4 0.306884765625 0.71142578125 0.029052734375 0.02587890625
12 0.35205078125 0.729736328125 0.025390625 0.029296875
12 0.45263671875 0.4677734375 0.0283203125 0.02587890625
10 0.36279296875 0.70166015625 0.024658203125 0.035888671875
29 0.3671875 0.67578125 0.032470703125 0.024658203125
4 0.402099609375 0.599609375 0.02734375 0.03173828125
6 0.41064453125 0.56982421875 0.0244140625 0.03466796875
6 0.461181640625 0.442626953125 0.029296875 0.030517578125
3 0.493896484375 0.35986328125 0.03125 0.038330078125
1 0.4833984375 0.388916015625 0.03173828125 0.029296875
29 0.429931640625 0.52001953125 0.023193359375 0.02734375