13 0.325439453125 0.65625 0.028076171875 0.03662109375
29 0.431396484375 0.519287109375 0.02734375 0.03125
20 0.444091796875 0.4921875 0.025390625 0.0322265625
12 0.350341796875 0.724853515625 0.02294921875 0.027587890625
10 0.3623046875 0.7060546875 0.02880859375 0.0224609375
29 0.370361328125 0.676513671875 0.0263671875 0.02685546875
0 0.380859375 0.650146484375 0.02392578125 0.025634765625
2 0.39013671875 0.625 0.02880859375 0.028564453125
4 0.40283203125 0.59912109375 0.0263671875 0.026611328125
6 0.412109375 0.571533203125 0.0283203125 0.02490234375
13 0.4228515625 0.546875 0.0244140625 0.024169921875
12 0.454833984375 0.466796875 0.02294921875 0.026611328125
6 0.46337890625 0.441650390625 0.02197265625 0.027587890625
0 0.474853515625 0.414794921875 0.025634765625 0.03076171875
1 0.484619140625 0.38671875 0.023681640625 0.025634765625
2 0.295654296875 0.739990234375 0.028564453125 0.02978515625
4 0.306640625 0.711669921875 0.026123046875 0.029052734375
6 0.3173828125 0.68359375 0.02783203125 0.030517578125
3 0.337646484375 0.63037109375 0.030029296875 0.02880859375
3 0.494140625 0.360107421875 0.03125 0.029296875
7 0.504638671875 0.329833984375 0.0224609375 0.034912109375
1 0.517578125 0.302734375 0.024169921875 0.03173828125