22 0.28564453125 0.404541015625 0.034423828125 0.045166015625
1 0.59765625 0.406494140625 0.01611328125 0.042724609375
0 0.394287109375 0.404052734375 0.02783203125 0.04052734375
10 0.254638671875 0.40283203125 0.025146484375 0.0419921875
8 0.3935546875 0.50146484375 0.02197265625 0.03857421875
8 0.361572265625 0.501953125 0.026611328125 0.046630859375
8 0.6220703125 0.404296875 0.026611328125 0.044921875
9 0.650390625 0.406982421875 0.025390625 0.04736328125
9 0.6806640625 0.406494140625 0.026123046875 0.0439453125
5 0.54345703125 0.412109375 0.02197265625 0.04541015625
5 0.36669921875 0.4072265625 0.025390625 0.049560546875
4 0.343017578125 0.4052734375 0.021484375 0.045654296875
4 0.517333984375 0.40576171875 0.025146484375 0.04638671875
0 0.570556640625 0.404052734375 0.028564453125 0.047119140625
1 0.5146484375 0.49560546875 0.015380859375 0.036376953125