10 0.253662109375 0.4033203125 0.02685546875 0.0498046875
22 0.28466796875 0.40478515625 0.033447265625 0.047119140625
1 0.516845703125 0.498291015625 0.020263671875 0.0390625
4 0.34326171875 0.4072265625 0.025146484375 0.044189453125
4 0.518310546875 0.408447265625 0.01904296875 0.039306640625
5 0.543212890625 0.408935546875 0.021240234375 0.045166015625
5 0.367919921875 0.409423828125 0.021240234375 0.044189453125
0 0.39404296875 0.40673828125 0.02392578125 0.048583984375
0 0.5693359375 0.404052734375 0.022216796875 0.050537109375
8 0.62353515625 0.407958984375 0.022705078125 0.04638671875
8 0.3935546875 0.501220703125 0.02099609375 0.041748046875
8 0.363525390625 0.50048828125 0.02490234375 0.041259765625
9 0.65185546875 0.40673828125 0.0234375 0.03955078125
9 0.67822265625 0.407958984375 0.02685546875 0.04638671875
1 0.596923828125 0.407958984375 0.0185546875 0.04443359375