10 0.25439453125 0.404052734375 0.02783203125 0.041015625
22 0.28515625 0.4033203125 0.03271484375 0.04296875
8 0.394775390625 0.50048828125 0.022216796875 0.0419921875
9 0.682373046875 0.408447265625 0.025390625 0.0458984375
5 0.366943359375 0.4072265625 0.021240234375 0.045166015625
5 0.542724609375 0.410888671875 0.02392578125 0.042724609375
9 0.650634765625 0.408203125 0.02392578125 0.041259765625
8 0.62353515625 0.404052734375 0.024169921875 0.04248046875
0 0.309326171875 0.497802734375 0.029052734375 0.046630859375
8 0.363037109375 0.501220703125 0.025634765625 0.03759765625
4 0.34130859375 0.406982421875 0.026123046875 0.04248046875