10 0.255126953125 0.405029296875 0.027099609375 0.03955078125
22 0.287353515625 0.4033203125 0.029296875 0.046142578125
4 0.343017578125 0.40576171875 0.0234375 0.04345703125
5 0.3681640625 0.406494140625 0.02099609375 0.04296875
0 0.570556640625 0.404296875 0.02587890625 0.046142578125
1 0.59619140625 0.405029296875 0.01318359375 0.04296875
8 0.623046875 0.4052734375 0.0205078125 0.04443359375
9 0.65234375 0.406494140625 0.023193359375 0.041748046875
8 0.393798828125 0.4990234375 0.0205078125 0.041748046875
8 0.362548828125 0.50048828125 0.0224609375 0.0390625
9 0.68017578125 0.407958984375 0.027587890625 0.041748046875
4 0.51806640625 0.407470703125 0.025146484375 0.03857421875
5 0.544677734375 0.409423828125 0.021728515625 0.041748046875
1 0.515869140625 0.500732421875 0.01904296875 0.03955078125