13 0.29248046875 0.193603515625 0.016357421875 0.039794921875
32 0.3115234375 0.192138671875 0.025390625 0.038330078125
16 0.377685546875 0.1943359375 0.017333984375 0.036865234375
33 0.392822265625 0.19580078125 0.017578125 0.03955078125
19 0.40576171875 0.194580078125 0.011474609375 0.040283203125
19 0.41748046875 0.196533203125 0.012451171875 0.0380859375
15 0.43017578125 0.19482421875 0.012939453125 0.035888671875
5 0.512451171875 0.2001953125 0.014404296875 0.03759765625
6 0.3310546875 0.193115234375 0.01611328125 0.039794921875
6 0.443115234375 0.198486328125 0.0146484375 0.0390625
8 0.456787109375 0.1982421875 0.013427734375 0.035888671875
7 0.470703125 0.197998046875 0.0126953125 0.040283203125
7 0.343994140625 0.194580078125 0.013671875 0.039794921875
1 0.275146484375 0.191650390625 0.009521484375 0.03173828125
2 0.359375 0.19482421875 0.0146484375 0.03515625
2 0.49853515625 0.197998046875 0.01611328125 0.0390625