1 0.275390625 0.1943359375 0.00927734375 0.03369140625
13 0.291748046875 0.19287109375 0.017333984375 0.036865234375
32 0.311767578125 0.193359375 0.02392578125 0.036376953125
6 0.3310546875 0.194091796875 0.015869140625 0.036376953125
7 0.345458984375 0.19384765625 0.01220703125 0.036376953125
2 0.35986328125 0.196533203125 0.013916015625 0.03369140625
16 0.376953125 0.19580078125 0.017822265625 0.032958984375
33 0.393310546875 0.1953125 0.015380859375 0.034912109375
19 0.405517578125 0.196044921875 0.01220703125 0.036376953125
19 0.41748046875 0.196044921875 0.01123046875 0.038330078125
15 0.429931640625 0.195556640625 0.01220703125 0.03564453125
8 0.45703125 0.198974609375 0.013427734375 0.03271484375
7 0.470947265625 0.197021484375 0.01318359375 0.031494140625
0 0.48486328125 0.1982421875 0.0126953125 0.030517578125
5 0.499267578125 0.19775390625 0.013671875 0.034423828125
33 0.392578125 0.196044921875 0.015625 0.038818359375
6 0.44287109375 0.196044921875 0.012939453125 0.037109375
5 0.512939453125 0.197509765625 0.013427734375 0.0361328125