1 0.2763671875 0.19384765625 0.01025390625 0.03466796875
1 0.29150390625 0.19384765625 0.016357421875 0.039306640625
32 0.31201171875 0.192138671875 0.02197265625 0.03515625
16 0.37548828125 0.196533203125 0.019287109375 0.038818359375
33 0.392333984375 0.194580078125 0.014892578125 0.036865234375
19 0.405517578125 0.19580078125 0.012939453125 0.03759765625
19 0.417236328125 0.196044921875 0.010986328125 0.03662109375
15 0.429931640625 0.1962890625 0.012451171875 0.0361328125
5 0.49853515625 0.198974609375 0.014892578125 0.036376953125
7 0.34521484375 0.196044921875 0.0126953125 0.0390625
32 0.31103515625 0.19384765625 0.025146484375 0.036865234375
6 0.330322265625 0.194091796875 0.015869140625 0.034423828125
6 0.44287109375 0.197265625 0.012939453125 0.03466796875
2 0.360107421875 0.19580078125 0.012939453125 0.03369140625
8 0.45751953125 0.198486328125 0.01171875 0.033447265625
7 0.469482421875 0.1962890625 0.013671875 0.034912109375
0 0.484375 0.197998046875 0.015625 0.0341796875