13 0.291748046875 0.193359375 0.016845703125 0.034912109375
32 0.3115234375 0.193603515625 0.0234375 0.032470703125
16 0.378173828125 0.196044921875 0.017333984375 0.037353515625
6 0.33154296875 0.193603515625 0.01708984375 0.035400390625
33 0.393310546875 0.196044921875 0.013916015625 0.0361328125
19 0.405517578125 0.196044921875 0.01025390625 0.034912109375
19 0.417236328125 0.197021484375 0.010986328125 0.0341796875
15 0.430419921875 0.194580078125 0.012939453125 0.037109375
16 0.493408203125 0.30859375 0.01513671875 0.0263671875
22 0.293701171875 0.306884765625 0.017333984375 0.028564453125
29 0.32470703125 0.3056640625 0.011474609375 0.027099609375
24 0.337646484375 0.307373046875 0.014892578125 0.026611328125
24 0.3095703125 0.30615234375 0.017578125 0.028076171875
27 0.352294921875 0.308349609375 0.014404296875 0.024658203125
27 0.43896484375 0.30908203125 0.012451171875 0.027587890625
27 0.388671875 0.30859375 0.013671875 0.0263671875
10 0.400634765625 0.308837890625 0.011962890625 0.02685546875
16 0.37451171875 0.3076171875 0.01416015625 0.024169921875
13 0.413818359375 0.3076171875 0.013671875 0.0283203125
14 0.4267578125 0.308349609375 0.012939453125 0.02587890625
7 0.345947265625 0.1943359375 0.013916015625 0.03662109375
7 0.47021484375 0.197509765625 0.01416015625 0.030517578125
5 0.498779296875 0.197998046875 0.013427734375 0.033935546875
5 0.513671875 0.1982421875 0.014404296875 0.035400390625
8 0.457275390625 0.197998046875 0.0126953125 0.034912109375
6 0.442626953125 0.196533203125 0.014404296875 0.0341796875
2 0.360107421875 0.1953125 0.014404296875 0.036376953125
1 0.27685546875 0.193115234375 0.0078125 0.030029296875
7 0.468505859375 0.30859375 0.00927734375 0.026611328125
6 0.458251953125 0.309814453125 0.013427734375 0.026123046875