28 0.46875 0.5498046875 0.02392578125 0.03662109375
9 0.635498046875 0.552734375 0.0244140625 0.052978515625
8 0.703369140625 0.548583984375 0.02880859375 0.052734375
12 0.7685546875 0.54443359375 0.02197265625 0.036376953125
17 0.79296875 0.544677734375 0.02685546875 0.037109375
9 0.387939453125 0.551025390625 0.025634765625 0.04150390625
24 0.358154296875 0.550537109375 0.029541015625 0.04248046875
24 0.44140625 0.55029296875 0.0263671875 0.039794921875
5 0.414794921875 0.548095703125 0.0224609375 0.039306640625
0 0.5615234375 0.55078125 0.026123046875 0.057861328125
2 0.59765625 0.551025390625 0.025634765625 0.0546875