9 0.634765625 0.5537109375 0.025634765625 0.05322265625
24 0.440673828125 0.5498046875 0.026123046875 0.034912109375
24 0.359619140625 0.550048828125 0.0263671875 0.039794921875
28 0.468505859375 0.551513671875 0.024658203125 0.039794921875
12 0.769287109375 0.544189453125 0.021484375 0.033935546875
17 0.79248046875 0.548095703125 0.021728515625 0.037109375
9 0.38720703125 0.551025390625 0.026611328125 0.047119140625
5 0.4130859375 0.54931640625 0.026611328125 0.039794921875
8 0.69970703125 0.5458984375 0.029296875 0.049072265625
2 0.59814453125 0.552734375 0.024169921875 0.0615234375
0 0.559326171875 0.552734375 0.03466796875 0.06005859375