10 0.214599609375 0.394775390625 0.032470703125 0.02734375
8 0.343994140625 0.400634765625 0.02392578125 0.03125
3 0.39453125 0.403076171875 0.02587890625 0.0302734375
19 0.28662109375 0.441650390625 0.026123046875 0.033447265625
24 0.319091796875 0.443603515625 0.037353515625 0.03564453125
17 0.3564453125 0.4462890625 0.03515625 0.03515625
23 0.394775390625 0.44677734375 0.036376953125 0.03173828125
14 0.494384765625 0.448486328125 0.035400390625 0.030517578125
14 0.527099609375 0.448974609375 0.02978515625 0.033203125
14 0.596435546875 0.453857421875 0.03564453125 0.03076171875
27 0.560302734375 0.451171875 0.03466796875 0.03466796875
13 0.462890625 0.44921875 0.0361328125 0.03369140625
29 0.210205078125 0.54150390625 0.015869140625 0.032470703125
20 0.22705078125 0.544189453125 0.02001953125 0.03173828125
15 0.29931640625 0.544677734375 0.019775390625 0.032958984375
2 0.539794921875 0.359375 0.033203125 0.029296875
1 0.390380859375 0.353271484375 0.017822265625 0.028564453125
7 0.3056640625 0.491943359375 0.0244140625 0.037353515625
8 0.53125 0.5458984375 0.018798828125 0.028076171875
8 0.31689453125 0.398193359375 0.028564453125 0.02587890625
9 0.28955078125 0.398681640625 0.028076171875 0.027099609375
4 0.263671875 0.3984375 0.026123046875 0.02880859375
8 0.615234375 0.41064453125 0.025146484375 0.02685546875
34 0.59228515625 0.49609375 0.01953125 0.030029296875
10 0.6103515625 0.49755859375 0.02099609375 0.03271484375
27 0.62841796875 0.497314453125 0.015380859375 0.032470703125
13 0.643798828125 0.499267578125 0.01708984375 0.0341796875
28 0.66357421875 0.4990234375 0.02294921875 0.03271484375
7 0.27734375 0.492431640625 0.02490234375 0.030517578125
3 0.22998046875 0.4921875 0.029541015625 0.029296875
11 0.320556640625 0.544677734375 0.021240234375 0.030517578125
5 0.263671875 0.54345703125 0.016357421875 0.029541015625
4 0.24609375 0.544189453125 0.016845703125 0.028564453125
7 0.574951171875 0.547119140625 0.01171875 0.02392578125
9 0.639892578125 0.54833984375 0.016845703125 0.021728515625
9 0.543212890625 0.498046875 0.017333984375 0.02783203125
6 0.560791015625 0.498046875 0.0224609375 0.0283203125
8 0.5791015625 0.362060546875 0.033935546875 0.026611328125
3 0.49951171875 0.357666015625 0.031005859375 0.02685546875