19 0.23974609375 0.345703125 0.037109375 0.03173828125
10 0.21337890625 0.3974609375 0.030517578125 0.029296875
17 0.356689453125 0.444580078125 0.036376953125 0.02978515625
23 0.393798828125 0.4462890625 0.041259765625 0.0341796875
14 0.49658203125 0.448974609375 0.03125 0.028564453125
14 0.529541015625 0.450927734375 0.029296875 0.029296875
14 0.596923828125 0.45361328125 0.034423828125 0.0302734375
27 0.56005859375 0.45166015625 0.030029296875 0.03076171875
27 0.627685546875 0.49853515625 0.018310546875 0.027587890625
13 0.644287109375 0.497802734375 0.021484375 0.02880859375
34 0.593994140625 0.498779296875 0.0146484375 0.028564453125
10 0.611328125 0.498779296875 0.018798828125 0.029541015625
28 0.665283203125 0.4990234375 0.02001953125 0.0283203125
20 0.2265625 0.54345703125 0.017822265625 0.02978515625
15 0.300048828125 0.54150390625 0.018798828125 0.028076171875
13 0.31884765625 0.54296875 0.021728515625 0.02880859375
13 0.321044921875 0.443115234375 0.03173828125 0.029541015625
19 0.285400390625 0.4423828125 0.03076171875 0.031982421875
29 0.239990234375 0.393798828125 0.017578125 0.02587890625
8 0.341552734375 0.400634765625 0.02294921875 0.0244140625
8 0.316650390625 0.39990234375 0.025634765625 0.02783203125
8 0.579345703125 0.363037109375 0.035400390625 0.03125
8 0.531494140625 0.54736328125 0.0205078125 0.028564453125
7 0.27392578125 0.490478515625 0.03173828125 0.0322265625
7 0.30615234375 0.490234375 0.026611328125 0.030517578125
3 0.499267578125 0.359375 0.037353515625 0.02783203125
2 0.421142578125 0.35546875 0.03759765625 0.02880859375
3 0.394775390625 0.40380859375 0.022705078125 0.028564453125
3 0.36767578125 0.40234375 0.02490234375 0.028076171875
9 0.28955078125 0.397705078125 0.025146484375 0.026123046875
4 0.262939453125 0.397216796875 0.025634765625 0.02587890625
4 0.59326171875 0.411376953125 0.023193359375 0.02734375
8 0.61767578125 0.41015625 0.027587890625 0.0263671875
9 0.54296875 0.49755859375 0.019775390625 0.036865234375
6 0.560302734375 0.4970703125 0.018798828125 0.03125
4 0.244873046875 0.543701171875 0.01904296875 0.029296875
5 0.26318359375 0.543212890625 0.017822265625 0.03076171875
3 0.228515625 0.49267578125 0.031982421875 0.03369140625
29 0.211181640625 0.541015625 0.013916015625 0.027099609375
13 0.461669921875 0.448486328125 0.0361328125 0.03466796875