19 0.28515625 0.443603515625 0.029052734375 0.033935546875
13 0.46142578125 0.449951171875 0.035888671875 0.03466796875
14 0.497314453125 0.44921875 0.028564453125 0.033203125
14 0.529052734375 0.451416015625 0.031005859375 0.031005859375
14 0.59423828125 0.452880859375 0.035888671875 0.028076171875
23 0.393310546875 0.44580078125 0.0361328125 0.032958984375
17 0.356689453125 0.44384765625 0.035400390625 0.030029296875
24 0.319091796875 0.443359375 0.039306640625 0.03076171875
10 0.213623046875 0.39501953125 0.02978515625 0.02978515625
10 0.6103515625 0.498291015625 0.01953125 0.029052734375
29 0.20947265625 0.54296875 0.012939453125 0.030029296875
20 0.22607421875 0.54443359375 0.019775390625 0.031982421875
15 0.299560546875 0.544921875 0.0185546875 0.031494140625
19 0.239990234375 0.345947265625 0.0341796875 0.03076171875
1 0.62744140625 0.362548828125 0.01708984375 0.0224609375
29 0.23974609375 0.395263671875 0.02001953125 0.02294921875
7 0.30615234375 0.4931640625 0.023193359375 0.031494140625
3 0.367431640625 0.401611328125 0.02392578125 0.0244140625
2 0.420166015625 0.355224609375 0.037109375 0.027587890625
0 0.361328125 0.35205078125 0.0361328125 0.0283203125
1 0.391845703125 0.352783203125 0.017578125 0.02685546875
3 0.49951171875 0.358642578125 0.031494140625 0.027099609375
2 0.538818359375 0.359375 0.038330078125 0.028564453125
8 0.580322265625 0.362060546875 0.03662109375 0.0283203125
8 0.318115234375 0.400146484375 0.021728515625 0.02685546875
8 0.34228515625 0.40087890625 0.02587890625 0.029541015625
9 0.290771484375 0.3994140625 0.02490234375 0.024658203125
4 0.26416015625 0.398193359375 0.0234375 0.025634765625
3 0.393798828125 0.40380859375 0.021484375 0.0263671875
4 0.593017578125 0.412841796875 0.02734375 0.027099609375
28 0.616455078125 0.410888671875 0.021240234375 0.02880859375
28 0.664306640625 0.499755859375 0.015869140625 0.030029296875
13 0.646240234375 0.498779296875 0.018310546875 0.0302734375
34 0.592529296875 0.49658203125 0.021484375 0.031005859375
4 0.245361328125 0.54296875 0.018310546875 0.0283203125
5 0.2646484375 0.54443359375 0.018310546875 0.030029296875
3 0.2275390625 0.492919921875 0.034423828125 0.0263671875
1 0.25439453125 0.492431640625 0.012451171875 0.02734375
7 0.275390625 0.491943359375 0.025390625 0.031494140625
1 0.5263671875 0.499267578125 0.009765625 0.031982421875
8 0.5322265625 0.547119140625 0.01708984375 0.0263671875
2 0.55859375 0.547607421875 0.017333984375 0.026611328125
2 0.600830078125 0.547607421875 0.01318359375 0.02587890625
0 0.51416015625 0.545654296875 0.021484375 0.022705078125
0 0.3193359375 0.3505859375 0.03759765625 0.0283203125