19 0.238525390625 0.34423828125 0.03369140625 0.029052734375
0 0.279541015625 0.34814453125 0.040771484375 0.030517578125
1 0.39013671875 0.3525390625 0.017578125 0.027587890625
2 0.420166015625 0.35400390625 0.038818359375 0.02734375
3 0.36767578125 0.401611328125 0.025146484375 0.029052734375
8 0.31787109375 0.39892578125 0.025634765625 0.02587890625
1 0.25341796875 0.4912109375 0.01318359375 0.028076171875
10 0.211669921875 0.3955078125 0.03369140625 0.025390625
29 0.24169921875 0.395263671875 0.023681640625 0.02685546875
4 0.59228515625 0.409912109375 0.0224609375 0.0263671875
8 0.616455078125 0.410400390625 0.025634765625 0.0244140625
9 0.29052734375 0.397705078125 0.0224609375 0.030029296875
3 0.395751953125 0.4033203125 0.027587890625 0.0263671875
19 0.287841796875 0.442138671875 0.023193359375 0.031494140625
24 0.3193359375 0.443603515625 0.036376953125 0.031494140625
17 0.35546875 0.444091796875 0.036865234375 0.0361328125
23 0.393798828125 0.4453125 0.038818359375 0.031982421875
13 0.459716796875 0.44873046875 0.03759765625 0.033447265625
14 0.496826171875 0.448974609375 0.03076171875 0.032958984375
14 0.526123046875 0.447998046875 0.030029296875 0.028076171875
14 0.59326171875 0.451416015625 0.034423828125 0.032958984375
27 0.560546875 0.4521484375 0.032470703125 0.031494140625
7 0.305908203125 0.49169921875 0.025634765625 0.029052734375
29 0.209716796875 0.541748046875 0.016357421875 0.028564453125
20 0.22607421875 0.54296875 0.021240234375 0.029052734375
5 0.262451171875 0.5439453125 0.018798828125 0.029052734375
15 0.29931640625 0.543701171875 0.018798828125 0.030517578125
13 0.319091796875 0.54443359375 0.020751953125 0.033935546875
9 0.640869140625 0.550537109375 0.020751953125 0.02734375
0 0.5146484375 0.547607421875 0.016357421875 0.028076171875
8 0.53125 0.5478515625 0.01953125 0.02685546875
7 0.27392578125 0.491455078125 0.024169921875 0.03125
3 0.2275390625 0.490478515625 0.031982421875 0.029296875
4 0.245361328125 0.543701171875 0.015380859375 0.03076171875
6 0.56103515625 0.4970703125 0.02197265625 0.029052734375
9 0.54296875 0.4970703125 0.01904296875 0.027587890625
34 0.594482421875 0.498291015625 0.017333984375 0.02978515625
10 0.610107421875 0.498291015625 0.0185546875 0.031005859375
27 0.62744140625 0.4990234375 0.01611328125 0.031005859375
13 0.645263671875 0.5 0.017578125 0.03125
28 0.66455078125 0.49951171875 0.015869140625 0.0322265625
8 0.3427734375 0.3994140625 0.023681640625 0.027587890625
4 0.263916015625 0.396728515625 0.0205078125 0.02685546875
3 0.498779296875 0.35888671875 0.031494140625 0.0283203125
8 0.578369140625 0.36279296875 0.035400390625 0.026123046875
1 0.63037109375 0.364501953125 0.01123046875 0.025146484375