25 0.33984375 0.3994140625 0.016357421875 0.031005859375
27 0.467529296875 0.40087890625 0.01318359375 0.029541015625
32 0.483154296875 0.3984375 0.013427734375 0.02978515625
8 0.286865234375 0.401611328125 0.01318359375 0.030517578125
6 0.419677734375 0.400146484375 0.014892578125 0.033203125
4 0.267333984375 0.40234375 0.017578125 0.037353515625
4 0.30517578125 0.4013671875 0.01513671875 0.03125
4 0.404052734375 0.400634765625 0.017822265625 0.03173828125
6 0.453125 0.400634765625 0.014892578125 0.029296875
3 0.4365234375 0.400390625 0.015625 0.03125
1 0.3876953125 0.4013671875 0.01220703125 0.028076171875
0 0.371826171875 0.39892578125 0.016845703125 0.034423828125