4 0.267333984375 0.4013671875 0.015380859375 0.0380859375
8 0.287109375 0.40087890625 0.01708984375 0.03369140625
0 0.32177734375 0.400390625 0.017822265625 0.034912109375
25 0.34033203125 0.401123046875 0.0166015625 0.033203125
27 0.467529296875 0.40087890625 0.0166015625 0.03271484375
32 0.4833984375 0.400634765625 0.015869140625 0.033203125
6 0.42041015625 0.399658203125 0.0146484375 0.0322265625
3 0.436767578125 0.399658203125 0.013916015625 0.033203125
1 0.38916015625 0.3994140625 0.011474609375 0.03173828125
4 0.305419921875 0.39697265625 0.013916015625 0.037841796875
4 0.40380859375 0.39794921875 0.017578125 0.036376953125
6 0.45263671875 0.3984375 0.0126953125 0.036376953125
0 0.37158203125 0.400634765625 0.015625 0.033935546875