25 0.33984375 0.402099609375 0.01953125 0.034423828125
27 0.466796875 0.400390625 0.012451171875 0.030029296875
32 0.48291015625 0.399658203125 0.01708984375 0.033203125
4 0.267333984375 0.4013671875 0.013427734375 0.03759765625
4 0.3046875 0.40185546875 0.014892578125 0.0322265625
4 0.404541015625 0.400146484375 0.012451171875 0.035888671875
6 0.420166015625 0.39990234375 0.016357421875 0.033935546875
6 0.453369140625 0.400146484375 0.013427734375 0.035888671875
3 0.437744140625 0.4013671875 0.01513671875 0.034423828125
8 0.286376953125 0.401123046875 0.017578125 0.032470703125
1 0.388671875 0.401123046875 0.01171875 0.033935546875
0 0.322021484375 0.3994140625 0.016845703125 0.03759765625