29 0.18212890625 0.31982421875 0.022705078125 0.0380859375
20 0.310791015625 0.321533203125 0.027099609375 0.03564453125
33 0.336181640625 0.3212890625 0.030029296875 0.036376953125
17 0.3671875 0.323486328125 0.02734375 0.03662109375
19 0.3916015625 0.32275390625 0.022705078125 0.0380859375
15 0.413818359375 0.322021484375 0.023681640625 0.034912109375
35 0.404052734375 0.42724609375 0.01904296875 0.02880859375
14 0.424072265625 0.427490234375 0.015625 0.026123046875
27 0.444091796875 0.42822265625 0.021240234375 0.029052734375
13 0.3544921875 0.427001953125 0.022216796875 0.029541015625
27 0.2041015625 0.42529296875 0.021240234375 0.02734375
27 0.320068359375 0.427734375 0.0244140625 0.028076171875
32 0.254638671875 0.42529296875 0.02880859375 0.021484375
10 0.228515625 0.427001953125 0.018310546875 0.02685546875
12 0.182373046875 0.423095703125 0.023681640625 0.029052734375
24 0.379150390625 0.42822265625 0.0263671875 0.02587890625
14 0.30126953125 0.425537109375 0.019287109375 0.026611328125
21 0.281494140625 0.42724609375 0.0234375 0.025634765625
5 0.514404296875 0.324951171875 0.0283203125 0.03369140625