20 0.3125 0.322998046875 0.025390625 0.034912109375
33 0.3388671875 0.3212890625 0.02294921875 0.03466796875
19 0.3916015625 0.323486328125 0.022705078125 0.032470703125
15 0.413818359375 0.322265625 0.02001953125 0.032470703125
35 0.403076171875 0.426513671875 0.017578125 0.025634765625
32 0.256591796875 0.4248046875 0.02783203125 0.017578125
12 0.18017578125 0.423583984375 0.026123046875 0.02490234375
27 0.204345703125 0.424560546875 0.023193359375 0.023681640625
10 0.228759765625 0.4267578125 0.02197265625 0.02490234375
21 0.279541015625 0.426025390625 0.0205078125 0.021484375
27 0.321533203125 0.42578125 0.0244140625 0.0224609375
14 0.42236328125 0.42626953125 0.017333984375 0.02099609375
24 0.380126953125 0.42724609375 0.025390625 0.0205078125
13 0.357421875 0.426025390625 0.02197265625 0.020263671875
27 0.44580078125 0.42822265625 0.0244140625 0.021240234375
20 0.5380859375 0.427734375 0.020263671875 0.02392578125
4 0.539306640625 0.32421875 0.021484375 0.032470703125
4 0.234619140625 0.322998046875 0.01953125 0.0322265625
5 0.259765625 0.322509765625 0.0244140625 0.036865234375
5 0.5146484375 0.32470703125 0.02392578125 0.033203125
3 0.463623046875 0.32373046875 0.02783203125 0.032958984375
3 0.437744140625 0.32421875 0.024169921875 0.02978515625
15 0.413330078125 0.322509765625 0.0205078125 0.03271484375
17 0.364501953125 0.323486328125 0.03173828125 0.037109375
29 0.181640625 0.319580078125 0.026611328125 0.0322265625
4 0.4892578125 0.324951171875 0.021484375 0.03125
7 0.566650390625 0.323486328125 0.028076171875 0.030029296875
0 0.286865234375 0.322509765625 0.029052734375 0.032958984375