29 0.183349609375 0.319091796875 0.025390625 0.034423828125
20 0.312255859375 0.322265625 0.02734375 0.03369140625
17 0.366943359375 0.3232421875 0.026611328125 0.03515625
19 0.392333984375 0.322998046875 0.02099609375 0.034912109375
15 0.41455078125 0.3232421875 0.023681640625 0.0322265625
27 0.445068359375 0.427490234375 0.021728515625 0.02392578125
27 0.32177734375 0.425048828125 0.01904296875 0.020751953125
13 0.35595703125 0.42578125 0.021728515625 0.024658203125
32 0.2548828125 0.42431640625 0.03271484375 0.02197265625
12 0.181640625 0.424072265625 0.024169921875 0.021240234375
27 0.203369140625 0.424560546875 0.02099609375 0.02294921875
10 0.226806640625 0.425048828125 0.021484375 0.021240234375
24 0.380859375 0.42626953125 0.02197265625 0.02294921875
35 0.40380859375 0.425537109375 0.021240234375 0.0244140625
21 0.281005859375 0.4248046875 0.01953125 0.024169921875
14 0.300537109375 0.425048828125 0.0185546875 0.022705078125
14 0.42333984375 0.42578125 0.01953125 0.02392578125
4 0.54052734375 0.326171875 0.021484375 0.02978515625
7 0.5673828125 0.323974609375 0.022705078125 0.03466796875
3 0.439208984375 0.32421875 0.024658203125 0.03369140625
3 0.46337890625 0.325439453125 0.02392578125 0.0361328125
5 0.48828125 0.324951171875 0.0244140625 0.03369140625
5 0.5146484375 0.325927734375 0.022216796875 0.033935546875
5 0.260009765625 0.32177734375 0.02392578125 0.032470703125
0 0.28564453125 0.321044921875 0.029541015625 0.03369140625
0 0.209228515625 0.321533203125 0.025146484375 0.02978515625
0 0.159912109375 0.321044921875 0.017822265625 0.030517578125
4 0.235595703125 0.322509765625 0.026611328125 0.03125