1 0.158935546875 0.3212890625 0.02099609375 0.032958984375
29 0.1826171875 0.321044921875 0.0263671875 0.03564453125
4 0.235595703125 0.322509765625 0.0244140625 0.031494140625
5 0.260986328125 0.32177734375 0.023681640625 0.032958984375
0 0.287109375 0.32177734375 0.0244140625 0.032958984375
20 0.312255859375 0.3212890625 0.02978515625 0.0361328125
33 0.337890625 0.322998046875 0.028564453125 0.03564453125
17 0.365966796875 0.322509765625 0.02783203125 0.034423828125
19 0.391845703125 0.322998046875 0.0224609375 0.03564453125
15 0.414794921875 0.32275390625 0.02099609375 0.032958984375
3 0.463623046875 0.32373046875 0.023681640625 0.031982421875
7 0.56591796875 0.32470703125 0.025146484375 0.030517578125
3 0.437744140625 0.32568359375 0.0234375 0.0322265625
5 0.514892578125 0.32568359375 0.025390625 0.031982421875
4 0.538818359375 0.3251953125 0.02392578125 0.0302734375
4 0.48876953125 0.323974609375 0.0234375 0.031005859375
35 0.4033203125 0.427978515625 0.02197265625 0.02587890625
27 0.445068359375 0.427978515625 0.017578125 0.024169921875
32 0.255126953125 0.425048828125 0.03271484375 0.02197265625
21 0.2783203125 0.42529296875 0.016357421875 0.0244140625
27 0.204345703125 0.424072265625 0.025146484375 0.02294921875
12 0.181640625 0.423095703125 0.0234375 0.024169921875
27 0.32177734375 0.426025390625 0.023193359375 0.023193359375
10 0.2265625 0.425537109375 0.01953125 0.02587890625
24 0.38037109375 0.42724609375 0.02734375 0.025390625
14 0.423583984375 0.427490234375 0.0185546875 0.024169921875