13 0.699951171875 0.3173828125 0.04443359375 0.0810546875
17 0.773193359375 0.310546875 0.05224609375 0.08837890625
16 0.857666015625 0.304931640625 0.043701171875 0.081787109375
1 0.2275390625 0.487548828125 0.031005859375 0.09716796875
4 0.271728515625 0.48388671875 0.037109375 0.086669921875
2 0.419189453125 0.4765625 0.046142578125 0.101318359375
28 0.481689453125 0.480712890625 0.043701171875 0.08349609375
34 0.54248046875 0.48193359375 0.044921875 0.09228515625
12 0.602294921875 0.4794921875 0.04931640625 0.074462890625
27 0.65869140625 0.47265625 0.043212890625 0.081787109375
7 0.72705078125 0.4736328125 0.041259765625 0.084228515625
0 0.779541015625 0.466796875 0.040771484375 0.086669921875
4 0.85205078125 0.45556640625 0.051025390625 0.08349609375