28 0.479736328125 0.4873046875 0.046630859375 0.084228515625
34 0.541259765625 0.479248046875 0.04638671875 0.091064453125
12 0.6015625 0.480224609375 0.04833984375 0.077392578125
27 0.657958984375 0.47021484375 0.0390625 0.084716796875
13 0.69775390625 0.318115234375 0.0419921875 0.065673828125
17 0.774658203125 0.31005859375 0.049072265625 0.083984375
12 0.856689453125 0.30419921875 0.042236328125 0.075439453125
1 0.228271484375 0.476806640625 0.02099609375 0.070556640625
4 0.273193359375 0.485595703125 0.031005859375 0.0810546875
2 0.32470703125 0.48291015625 0.038818359375 0.08984375
4 0.852294921875 0.457275390625 0.055419921875 0.090576171875
7 0.731201171875 0.47412109375 0.031005859375 0.0810546875
2 0.422607421875 0.480224609375 0.046630859375 0.1083984375
2 0.373046875 0.471923828125 0.04296875 0.088134765625
0 0.775634765625 0.47265625 0.046630859375 0.0986328125