34 0.542236328125 0.482666015625 0.052001953125 0.095947265625
2 0.322509765625 0.4853515625 0.044677734375 0.09814453125
17 0.77685546875 0.310546875 0.052490234375 0.085205078125
13 0.696044921875 0.320556640625 0.042724609375 0.080078125
27 0.658203125 0.472900390625 0.042724609375 0.074462890625
28 0.481689453125 0.479736328125 0.04638671875 0.08984375
12 0.604248046875 0.48193359375 0.046142578125 0.07763671875
7 0.728759765625 0.471435546875 0.034912109375 0.09228515625
0 0.780029296875 0.471435546875 0.0517578125 0.099609375
4 0.85400390625 0.45703125 0.059326171875 0.09521484375
16 0.8583984375 0.31005859375 0.053955078125 0.08740234375
8 0.370849609375 0.478515625 0.041015625 0.10205078125
4 0.2734375 0.485595703125 0.044921875 0.104736328125
2 0.42431640625 0.477294921875 0.046875 0.11083984375
1 0.225341796875 0.484130859375 0.036865234375 0.107666015625