29 0.431396484375 0.577880859375 0.042236328125 0.05859375
12 0.4833984375 0.5810546875 0.05126953125 0.051025390625
9 0.57080078125 0.685302734375 0.08203125 0.092041015625
27 0.378173828125 0.57958984375 0.05419921875 0.050537109375
6 0.37548828125 0.798828125 0.041015625 0.047119140625
7 0.426025390625 0.79833984375 0.037353515625 0.054443359375
3 0.471435546875 0.80078125 0.04541015625 0.0458984375
3 0.57421875 0.802490234375 0.041259765625 0.0576171875
3 0.3291015625 0.692138671875 0.042724609375 0.04833984375
1 0.380859375 0.694580078125 0.03564453125 0.050048828125
0 0.786376953125 0.69873046875 0.103515625 0.085693359375