27 0.37890625 0.579833984375 0.04833984375 0.0517578125
29 0.43115234375 0.578857421875 0.039306640625 0.051513671875
12 0.485107421875 0.576416015625 0.0478515625 0.051025390625
4 0.745849609375 0.475341796875 0.047607421875 0.051025390625
6 0.37548828125 0.79931640625 0.03955078125 0.044189453125
2 0.621826171875 0.803955078125 0.045654296875 0.04150390625
9 0.523193359375 0.8046875 0.04150390625 0.0576171875
9 0.57275390625 0.681396484375 0.081787109375 0.09619140625
3 0.470703125 0.802734375 0.046142578125 0.049560546875
3 0.57275390625 0.803466796875 0.038330078125 0.053955078125
7 0.42822265625 0.798583984375 0.037353515625 0.048583984375
0 0.78466796875 0.69775390625 0.095947265625 0.087890625
3 0.3232421875 0.57861328125 0.0546875 0.049560546875
1 0.748046875 0.3916015625 0.036376953125 0.061767578125
1 0.844482421875 0.479248046875 0.03759765625 0.065185546875