9 0.573486328125 0.68603515625 0.086669921875 0.096923828125
0 0.66259765625 0.691162109375 0.087646484375 0.091064453125
12 0.48779296875 0.582275390625 0.053955078125 0.0615234375
29 0.432861328125 0.581298828125 0.04052734375 0.060791015625
7 0.428955078125 0.798828125 0.04248046875 0.047607421875
4 0.7431640625 0.4775390625 0.04248046875 0.05419921875
1 0.84423828125 0.475341796875 0.04052734375 0.05419921875
6 0.3759765625 0.79736328125 0.04052734375 0.04638671875
3 0.574951171875 0.799072265625 0.04150390625 0.05126953125
2 0.620849609375 0.80322265625 0.04443359375 0.053466796875
3 0.47607421875 0.7998046875 0.03759765625 0.053955078125
3 0.329345703125 0.69189453125 0.05419921875 0.05859375
27 0.375732421875 0.5791015625 0.04541015625 0.051513671875
8 0.323974609375 0.57861328125 0.043701171875 0.046142578125