29 0.433349609375 0.578857421875 0.03759765625 0.05908203125
3 0.3310546875 0.69189453125 0.04052734375 0.04541015625
7 0.428955078125 0.801513671875 0.036865234375 0.0458984375
18 0.75244140625 0.390380859375 0.038330078125 0.050048828125
9 0.574462890625 0.6875 0.080322265625 0.09716796875
3 0.474609375 0.804931640625 0.039794921875 0.050537109375
3 0.571044921875 0.8037109375 0.045166015625 0.050048828125
3 0.37646484375 0.798583984375 0.042724609375 0.0517578125
27 0.376220703125 0.58154296875 0.04931640625 0.06103515625
12 0.492919921875 0.580322265625 0.064453125 0.05322265625
4 0.746337890625 0.4794921875 0.0439453125 0.060546875
1 0.842041015625 0.4765625 0.041015625 0.063720703125