3 0.276611328125 0.357177734375 0.017578125 0.033935546875
1 0.29248046875 0.359130859375 0.010986328125 0.034912109375
5 0.30810546875 0.358642578125 0.016845703125 0.033935546875
8 0.34033203125 0.36376953125 0.015380859375 0.030517578125
0 0.390625 0.369140625 0.01611328125 0.030029296875
12 0.474365234375 0.37451171875 0.017578125 0.034912109375
4 0.493408203125 0.376220703125 0.01611328125 0.031982421875
6 0.384521484375 0.412109375 0.014892578125 0.029052734375
7 0.41796875 0.41552734375 0.01416015625 0.030029296875
4 0.53076171875 0.379150390625 0.02099609375 0.031494140625
4 0.468994140625 0.42138671875 0.01513671875 0.029296875
4 0.36865234375 0.41259765625 0.013671875 0.0302734375
4 0.350830078125 0.40869140625 0.012939453125 0.030517578125
5 0.4345703125 0.417236328125 0.019287109375 0.03271484375
6 0.452392578125 0.417724609375 0.016357421875 0.03173828125