12 0.474609375 0.37451171875 0.015625 0.03515625
0 0.40087890625 0.4130859375 0.01611328125 0.03173828125
5 0.308349609375 0.36279296875 0.020751953125 0.0322265625
4 0.469482421875 0.421630859375 0.017333984375 0.02685546875
4 0.494873046875 0.375 0.01513671875 0.035888671875
4 0.53173828125 0.37890625 0.021484375 0.0341796875
8 0.33984375 0.36328125 0.018798828125 0.03125
3 0.27685546875 0.357421875 0.016357421875 0.033203125
4 0.367919921875 0.41064453125 0.017578125 0.03125
4 0.35107421875 0.409423828125 0.015625 0.033447265625
6 0.45166015625 0.417236328125 0.01416015625 0.031494140625
6 0.383544921875 0.409423828125 0.01416015625 0.032470703125
7 0.417236328125 0.41552734375 0.01416015625 0.029296875
5 0.433837890625 0.41552734375 0.015869140625 0.034423828125
0 0.372802734375 0.368408203125 0.01611328125 0.035400390625
1 0.35595703125 0.36572265625 0.011474609375 0.03369140625