8 0.3408203125 0.364501953125 0.01611328125 0.029052734375
1 0.29052734375 0.3583984375 0.01220703125 0.02880859375
7 0.417724609375 0.41357421875 0.013916015625 0.0283203125
12 0.47509765625 0.375 0.016357421875 0.03173828125
4 0.3515625 0.4111328125 0.01416015625 0.028564453125
0 0.4013671875 0.41552734375 0.02001953125 0.0244140625
0 0.434814453125 0.418701171875 0.016845703125 0.02978515625
0 0.30810546875 0.360107421875 0.0166015625 0.0283203125
4 0.367431640625 0.41162109375 0.016357421875 0.02880859375
4 0.531494140625 0.380615234375 0.02001953125 0.034423828125
4 0.493408203125 0.377685546875 0.0166015625 0.030029296875
4 0.469482421875 0.422119140625 0.016845703125 0.026611328125
6 0.45263671875 0.41943359375 0.016357421875 0.02734375
6 0.3837890625 0.41259765625 0.01513671875 0.028564453125
1 0.356201171875 0.366455078125 0.009765625 0.031494140625
3 0.27783203125 0.35693359375 0.012939453125 0.026611328125
0 0.390625 0.367919921875 0.020263671875 0.0302734375