8 0.340087890625 0.36328125 0.015625 0.0302734375
4 0.368408203125 0.411376953125 0.01416015625 0.02880859375
3 0.276611328125 0.357177734375 0.01611328125 0.030029296875
4 0.494140625 0.376708984375 0.015625 0.03271484375
4 0.530517578125 0.37646484375 0.015625 0.03076171875
4 0.3505859375 0.40869140625 0.015869140625 0.029052734375
6 0.38427734375 0.412109375 0.01513671875 0.032470703125
7 0.417236328125 0.41552734375 0.013427734375 0.03271484375
5 0.435302734375 0.418212890625 0.01513671875 0.03125
5 0.308349609375 0.360595703125 0.016845703125 0.029296875
1 0.2919921875 0.358154296875 0.008056640625 0.029296875
0 0.401611328125 0.414794921875 0.01513671875 0.03125
6 0.452392578125 0.418701171875 0.015625 0.030517578125
4 0.470458984375 0.421875 0.01416015625 0.027587890625