1 0.339599609375 0.306884765625 0.013916015625 0.053466796875
14 0.365234375 0.308349609375 0.030029296875 0.060791015625
12 0.3994140625 0.306640625 0.032470703125 0.0556640625
27 0.4521484375 0.30712890625 0.029541015625 0.05712890625
2 0.518310546875 0.307861328125 0.029541015625 0.05712890625
5 0.61962890625 0.305908203125 0.03369140625 0.06005859375
8 0.7197265625 0.30712890625 0.031982421875 0.05419921875
3 0.754638671875 0.305908203125 0.029541015625 0.05419921875
7 0.78466796875 0.305908203125 0.029541015625 0.05859375
3 0.364501953125 0.521484375 0.03125 0.05859375
27 0.42578125 0.416259765625 0.03125 0.057861328125
11 0.459228515625 0.411865234375 0.0283203125 0.059326171875
28 0.4931640625 0.4150390625 0.032470703125 0.06005859375
0 0.3642578125 0.4150390625 0.033203125 0.0615234375
28 0.29833984375 0.630859375 0.03125 0.0615234375
29 0.332763671875 0.626953125 0.03369140625 0.062255859375
7 0.51611328125 0.629150390625 0.02880859375 0.060791015625
27 0.614501953125 0.63232421875 0.035400390625 0.0615234375
4 0.650390625 0.30859375 0.027587890625 0.060546875
4 0.81640625 0.3046875 0.03125 0.058349609375
4 0.695556640625 0.627685546875 0.029541015625 0.052490234375
5 0.552978515625 0.628662109375 0.03125 0.064453125
5 0.521728515625 0.739013671875 0.03759765625 0.06494140625
5 0.461181640625 0.625732421875 0.036376953125 0.054443359375
0 0.42626953125 0.62939453125 0.03515625 0.052001953125
2 0.400146484375 0.52099609375 0.037841796875 0.056884765625
5 0.29296875 0.52197265625 0.03369140625 0.052001953125
27 0.4248046875 0.41455078125 0.037109375 0.06005859375
3 0.8525390625 0.307373046875 0.03515625 0.06201171875
2 0.330810546875 0.420166015625 0.032470703125 0.0634765625