18 0.34375 0.308837890625 0.00927734375 0.054931640625
14 0.3662109375 0.309814453125 0.027587890625 0.056640625
12 0.401123046875 0.309814453125 0.03173828125 0.059814453125
27 0.45068359375 0.31005859375 0.028564453125 0.060302734375
27 0.42626953125 0.4150390625 0.029296875 0.053466796875
11 0.458251953125 0.415283203125 0.029296875 0.055908203125
28 0.4951171875 0.414794921875 0.03759765625 0.05810546875
27 0.61376953125 0.63037109375 0.03759765625 0.057373046875
29 0.3330078125 0.626220703125 0.0263671875 0.05078125
28 0.297119140625 0.628173828125 0.033203125 0.0546875
5 0.4619140625 0.6279296875 0.0302734375 0.05859375
0 0.329833984375 0.522705078125 0.0341796875 0.053955078125
2 0.552001953125 0.308837890625 0.031982421875 0.06298828125
2 0.68505859375 0.3076171875 0.0322265625 0.054931640625
2 0.3271484375 0.41748046875 0.030029296875 0.059326171875
2 0.4130859375 0.734375 0.03466796875 0.0625
5 0.51953125 0.732421875 0.0341796875 0.058837890625
5 0.553466796875 0.62841796875 0.036865234375 0.06787109375
5 0.295166015625 0.52099609375 0.036376953125 0.0576171875
5 0.618896484375 0.31005859375 0.0283203125 0.052734375
4 0.65283203125 0.3076171875 0.02880859375 0.05810546875
4 0.8173828125 0.306884765625 0.029541015625 0.05810546875
8 0.72021484375 0.3056640625 0.033203125 0.05908203125
1 0.6669921875 0.627685546875 0.021728515625 0.054931640625
3 0.364990234375 0.52197265625 0.030517578125 0.061767578125
0 0.42529296875 0.628173828125 0.031494140625 0.057861328125
7 0.5166015625 0.624267578125 0.0341796875 0.050537109375
3 0.75537109375 0.306884765625 0.0283203125 0.054443359375
7 0.785400390625 0.304931640625 0.02880859375 0.054931640625
3 0.8515625 0.308837890625 0.032470703125 0.060791015625