11 0.459228515625 0.4150390625 0.029052734375 0.056396484375
27 0.428466796875 0.415283203125 0.035400390625 0.058837890625
29 0.332763671875 0.630615234375 0.031494140625 0.06201171875
27 0.614501953125 0.627685546875 0.036376953125 0.0615234375
28 0.297607421875 0.62841796875 0.029296875 0.064697265625
14 0.36572265625 0.309814453125 0.030517578125 0.05517578125
1 0.340087890625 0.31005859375 0.014892578125 0.05126953125
27 0.4521484375 0.310546875 0.02783203125 0.05224609375
28 0.4951171875 0.413818359375 0.03564453125 0.05419921875
5 0.29248046875 0.52587890625 0.03271484375 0.062255859375
5 0.550537109375 0.629150390625 0.0341796875 0.065673828125
1 0.66748046875 0.632568359375 0.0185546875 0.072509765625
4 0.6962890625 0.627197265625 0.03466796875 0.056640625
7 0.517578125 0.62890625 0.032470703125 0.0703125
3 0.366455078125 0.5224609375 0.030029296875 0.058837890625
8 0.721923828125 0.3056640625 0.03076171875 0.062255859375
7 0.787353515625 0.3046875 0.027099609375 0.062255859375
5 0.61962890625 0.308349609375 0.032470703125 0.0576171875
4 0.6533203125 0.30908203125 0.02880859375 0.06103515625
3 0.850341796875 0.307861328125 0.029296875 0.058349609375
12 0.40185546875 0.31103515625 0.031982421875 0.064697265625