6 0.502685546875 0.397216796875 0.02099609375 0.04541015625
28 0.490478515625 0.673583984375 0.016845703125 0.041748046875
7 0.562744140625 0.671630859375 0.017333984375 0.041015625
5 0.521484375 0.311767578125 0.02099609375 0.04150390625
7 0.563720703125 0.312255859375 0.0224609375 0.0517578125
7 0.5888671875 0.3095703125 0.022216796875 0.057861328125
2 0.42333984375 0.478271484375 0.02294921875 0.04443359375
2 0.59765625 0.475341796875 0.0205078125 0.03564453125
5 0.542724609375 0.671875 0.02001953125 0.035400390625
5 0.5068359375 0.67529296875 0.016357421875 0.039306640625
4 0.6162109375 0.47314453125 0.018798828125 0.04150390625
3 0.526123046875 0.39404296875 0.015625 0.044921875
0 0.582763671875 0.392333984375 0.01953125 0.03857421875
0 0.67529296875 0.471923828125 0.0205078125 0.041259765625
0 0.52685546875 0.67236328125 0.02001953125 0.03955078125
6 0.58251953125 0.669189453125 0.022216796875 0.034423828125