5 0.5234375 0.313232421875 0.01904296875 0.042724609375
7 0.566162109375 0.31201171875 0.015625 0.04638671875
3 0.525634765625 0.3955078125 0.0166015625 0.046875
6 0.501953125 0.395751953125 0.022216796875 0.045166015625
4 0.61572265625 0.475341796875 0.015625 0.042724609375
2 0.59814453125 0.4736328125 0.017822265625 0.036865234375
0 0.6748046875 0.471923828125 0.018798828125 0.04150390625
28 0.490966796875 0.671142578125 0.0166015625 0.037353515625
6 0.582763671875 0.669921875 0.02001953125 0.037353515625
5 0.54345703125 0.671630859375 0.016357421875 0.03857421875
7 0.561767578125 0.671142578125 0.01513671875 0.03857421875
2 0.42236328125 0.47900390625 0.025634765625 0.0439453125
0 0.58349609375 0.39208984375 0.021728515625 0.044677734375
7 0.5888671875 0.3076171875 0.019775390625 0.047119140625