35 0.252197265625 0.338623046875 0.03466796875 0.0419921875
19 0.29443359375 0.340087890625 0.0341796875 0.040283203125
11 0.33447265625 0.291015625 0.031005859375 0.04345703125
13 0.4541015625 0.291015625 0.037841796875 0.045654296875
1 0.498046875 0.34423828125 0.036376953125 0.0400390625
8 0.372314453125 0.340576171875 0.03125 0.039306640625
8 0.422607421875 0.493408203125 0.034912109375 0.0380859375
4 0.2158203125 0.291015625 0.032958984375 0.0380859375
3 0.173828125 0.291748046875 0.032470703125 0.038330078125
3 0.21337890625 0.3388671875 0.03466796875 0.037841796875
5 0.49853515625 0.49609375 0.03515625 0.04052734375
6 0.302734375 0.4873046875 0.0390625 0.037353515625
1 0.344970703125 0.48974609375 0.02294921875 0.0341796875