35 0.25439453125 0.338623046875 0.037109375 0.0400390625
19 0.293212890625 0.341552734375 0.030517578125 0.0380859375
13 0.455322265625 0.290283203125 0.033203125 0.04150390625
11 0.332763671875 0.2890625 0.035400390625 0.04052734375
4 0.211669921875 0.29052734375 0.033203125 0.0361328125
1 0.497802734375 0.342529296875 0.030517578125 0.038818359375
5 0.501953125 0.499267578125 0.041015625 0.042724609375
8 0.37109375 0.3408203125 0.034912109375 0.043212890625
6 0.304443359375 0.488525390625 0.034423828125 0.04150390625
29 0.34619140625 0.489013671875 0.02734375 0.04052734375
0 0.3828125 0.493896484375 0.035888671875 0.038818359375
8 0.424072265625 0.4951171875 0.032958984375 0.039306640625
2 0.46484375 0.49755859375 0.0302734375 0.0439453125
3 0.212890625 0.339599609375 0.030517578125 0.040283203125
3 0.173095703125 0.291015625 0.031005859375 0.03759765625
2 0.413330078125 0.34130859375 0.032958984375 0.040283203125
6 0.453369140625 0.340576171875 0.033203125 0.04150390625
6 0.251708984375 0.290283203125 0.034912109375 0.03857421875