3 0.17578125 0.291015625 0.032470703125 0.0380859375
19 0.294189453125 0.339599609375 0.029296875 0.040283203125
35 0.251953125 0.33935546875 0.032470703125 0.038818359375
6 0.45703125 0.343017578125 0.036376953125 0.040771484375
1 0.4970703125 0.34326171875 0.02880859375 0.041259765625
11 0.3330078125 0.291015625 0.0419921875 0.040771484375
0 0.25390625 0.29052734375 0.030029296875 0.0361328125
13 0.4560546875 0.292236328125 0.034423828125 0.041259765625
8 0.37158203125 0.340576171875 0.031982421875 0.041748046875
29 0.342529296875 0.4892578125 0.02490234375 0.038818359375
2 0.463623046875 0.497802734375 0.033203125 0.042724609375
5 0.49951171875 0.4970703125 0.032470703125 0.040283203125
8 0.424072265625 0.495361328125 0.0341796875 0.04296875
6 0.30419921875 0.489013671875 0.039794921875 0.040283203125
4 0.2109375 0.291015625 0.02978515625 0.038818359375
3 0.216552734375 0.337890625 0.02685546875 0.044677734375