13 0.233154296875 0.4208984375 0.041259765625 0.082763671875
30 0.412841796875 0.422607421875 0.03857421875 0.08349609375
16 0.69970703125 0.427978515625 0.041259765625 0.080078125
31 0.4091796875 0.598876953125 0.032958984375 0.067626953125
3 0.570068359375 0.608154296875 0.03759765625 0.08349609375
23 0.699951171875 0.6083984375 0.040283203125 0.0771484375
7 0.549072265625 0.430419921875 0.038330078125 0.082763671875
9 0.37109375 0.426025390625 0.0361328125 0.08544921875
4 0.328857421875 0.600341796875 0.033447265625 0.080322265625
4 0.26904296875 0.615966796875 0.0390625 0.083984375
5 0.594970703125 0.43310546875 0.04443359375 0.079345703125
3 0.74169921875 0.61083984375 0.031005859375 0.077392578125
8 0.780029296875 0.609130859375 0.033203125 0.075927734375
0 0.81982421875 0.607666015625 0.041015625 0.076904296875
2 0.821533203125 0.4296875 0.03271484375 0.0810546875
0 0.865966796875 0.43115234375 0.038330078125 0.070068359375
8 0.527587890625 0.6025390625 0.03759765625 0.074951171875
3 0.145263671875 0.612548828125 0.037353515625 0.06494140625
7 0.329833984375 0.420166015625 0.033935546875 0.08154296875
6 0.505126953125 0.4296875 0.037353515625 0.0810546875
7 0.65966796875 0.603759765625 0.033935546875 0.077392578125