13 0.234375 0.420166015625 0.038330078125 0.083740234375
31 0.409423828125 0.59814453125 0.033935546875 0.085205078125
16 0.699462890625 0.4267578125 0.036865234375 0.076416015625
23 0.697998046875 0.606201171875 0.034912109375 0.07373046875
30 0.41357421875 0.419677734375 0.039794921875 0.070556640625
7 0.550048828125 0.434814453125 0.037353515625 0.08203125
3 0.144775390625 0.614501953125 0.03759765625 0.067626953125
8 0.779296875 0.610107421875 0.03466796875 0.071044921875
2 0.184326171875 0.613037109375 0.03466796875 0.069091796875
2 0.44775390625 0.604248046875 0.038330078125 0.07568359375
0 0.485595703125 0.60546875 0.039306640625 0.075439453125
8 0.527099609375 0.599609375 0.041259765625 0.07275390625
3 0.74072265625 0.61181640625 0.034423828125 0.07861328125
7 0.660400390625 0.600830078125 0.029052734375 0.0703125
0 0.81982421875 0.60791015625 0.035888671875 0.075439453125
5 0.785400390625 0.426025390625 0.031982421875 0.080322265625
5 0.65625 0.423828125 0.03564453125 0.072998046875
5 0.596435546875 0.437744140625 0.04541015625 0.076416015625
5 0.455078125 0.431396484375 0.03662109375 0.0712890625
6 0.503173828125 0.431396484375 0.04296875 0.068603515625
9 0.371337890625 0.426025390625 0.033203125 0.07568359375
7 0.32958984375 0.420166015625 0.031982421875 0.07763671875
3 0.27978515625 0.422607421875 0.0361328125 0.070556640625
4 0.263671875 0.611083984375 0.03515625 0.076171875
4 0.324951171875 0.60302734375 0.03076171875 0.07666015625
5 0.366455078125 0.6015625 0.036865234375 0.073486328125
0 0.2255859375 0.61328125 0.03466796875 0.068359375
3 0.572265625 0.61083984375 0.0400390625 0.072265625
1 0.61474609375 0.5986328125 0.027099609375 0.064453125
2 0.8212890625 0.43212890625 0.034912109375 0.08203125
2 0.86572265625 0.42919921875 0.0380859375 0.08056640625