13 0.2353515625 0.4208984375 0.039794921875 0.0751953125
30 0.412353515625 0.422607421875 0.039794921875 0.06982421875
16 0.69970703125 0.427978515625 0.038330078125 0.08056640625
31 0.41064453125 0.60009765625 0.03466796875 0.081298828125
23 0.69970703125 0.610107421875 0.037109375 0.077880859375
3 0.570068359375 0.609619140625 0.03955078125 0.08056640625
33 0.816162109375 0.683349609375 0.0126953125 0.0361328125
9 0.371826171875 0.424072265625 0.035888671875 0.080322265625
7 0.328125 0.419189453125 0.030517578125 0.078369140625
7 0.55078125 0.427001953125 0.034423828125 0.076904296875
5 0.366943359375 0.599609375 0.03369140625 0.08203125
4 0.328125 0.599853515625 0.028564453125 0.078857421875
4 0.266845703125 0.614013671875 0.02978515625 0.078369140625
7 0.65966796875 0.60302734375 0.032958984375 0.073486328125
5 0.78271484375 0.426025390625 0.036865234375 0.076904296875
3 0.740966796875 0.6103515625 0.03515625 0.076904296875
8 0.779541015625 0.60693359375 0.029296875 0.073486328125
6 0.505859375 0.431640625 0.0419921875 0.078369140625
3 0.277587890625 0.420654296875 0.039794921875 0.073486328125
3 0.14453125 0.61328125 0.035400390625 0.078857421875
8 0.5302734375 0.602783203125 0.0390625 0.078857421875
2 0.4482421875 0.6015625 0.0400390625 0.083984375