12 0.419189453125 0.260986328125 0.023681640625 0.036376953125
12 0.45654296875 0.312744140625 0.02001953125 0.035888671875
34 0.47705078125 0.31103515625 0.018310546875 0.036376953125
11 0.435546875 0.312744140625 0.02197265625 0.036865234375
3 0.528076171875 0.452392578125 0.01708984375 0.038818359375
1 0.46240234375 0.259521484375 0.01171875 0.0361328125
1 0.46728515625 0.4521484375 0.011474609375 0.036865234375
2 0.484619140625 0.453857421875 0.01611328125 0.0361328125
0 0.49658203125 0.3134765625 0.019287109375 0.040771484375
3 0.535888671875 0.3115234375 0.018798828125 0.039794921875
8 0.546142578125 0.452392578125 0.018798828125 0.035888671875
5 0.57568359375 0.311279296875 0.018310546875 0.036376953125
2 0.585693359375 0.45458984375 0.018798828125 0.040771484375