22 0.464111328125 0.620361328125 0.013671875 0.03271484375
11 0.479248046875 0.62109375 0.0146484375 0.035400390625
20 0.62451171875 0.70947265625 0.015625 0.026123046875
23 0.561767578125 0.754638671875 0.014892578125 0.02587890625
14 0.578369140625 0.75390625 0.015625 0.0263671875
10 0.593505859375 0.75390625 0.01416015625 0.0263671875
23 0.609619140625 0.75146484375 0.01513671875 0.02978515625
29 0.62646484375 0.748779296875 0.01513671875 0.028564453125
8 0.4052734375 0.565673828125 0.01513671875 0.03173828125
4 0.564697265625 0.556640625 0.02001953125 0.0341796875
7 0.54541015625 0.554443359375 0.01513671875 0.0361328125
5 0.387939453125 0.564208984375 0.014892578125 0.029296875
0 0.421142578125 0.564208984375 0.01416015625 0.031005859375
3 0.5234375 0.556640625 0.016357421875 0.0390625
1 0.587158203125 0.553955078125 0.011474609375 0.03271484375
1 0.638916015625 0.552978515625 0.012939453125 0.035400390625
3 0.66015625 0.548095703125 0.021728515625 0.037109375
8 0.613037109375 0.552734375 0.02099609375 0.031982421875
7 0.559814453125 0.71142578125 0.01611328125 0.026611328125
5 0.57763671875 0.713623046875 0.013671875 0.03125
0 0.60888671875 0.712890625 0.015625 0.02587890625