8 0.612548828125 0.554443359375 0.01904296875 0.0390625
20 0.62548828125 0.711669921875 0.015625 0.0341796875
1 0.58642578125 0.552978515625 0.01708984375 0.0390625
23 0.56005859375 0.754150390625 0.016845703125 0.031494140625
14 0.577880859375 0.75390625 0.016357421875 0.0322265625
10 0.59375 0.753173828125 0.014892578125 0.02978515625
23 0.60986328125 0.751708984375 0.015869140625 0.031494140625
7 0.5439453125 0.55322265625 0.01904296875 0.036376953125
4 0.56396484375 0.5537109375 0.01904296875 0.0419921875
3 0.660888671875 0.54833984375 0.020751953125 0.041748046875
7 0.561767578125 0.714111328125 0.01416015625 0.032470703125
22 0.463623046875 0.621337890625 0.016845703125 0.0400390625
5 0.3857421875 0.5654296875 0.01513671875 0.03173828125
8 0.40380859375 0.56494140625 0.015380859375 0.03369140625
0 0.609130859375 0.71142578125 0.0146484375 0.028076171875
3 0.522216796875 0.555419921875 0.015380859375 0.0361328125