23 0.562255859375 0.753662109375 0.013427734375 0.027587890625
14 0.57763671875 0.75341796875 0.014892578125 0.029296875
10 0.59423828125 0.7529296875 0.013916015625 0.026611328125
23 0.60986328125 0.751220703125 0.015380859375 0.027587890625
29 0.625732421875 0.749267578125 0.0126953125 0.02197265625
20 0.62548828125 0.710693359375 0.013916015625 0.0224609375
22 0.463623046875 0.619384765625 0.0146484375 0.03076171875
11 0.478759765625 0.62109375 0.011962890625 0.03076171875
1 0.58642578125 0.554931640625 0.0146484375 0.030029296875
8 0.404541015625 0.564208984375 0.015625 0.03173828125
5 0.388427734375 0.56396484375 0.014892578125 0.030517578125
7 0.560791015625 0.711181640625 0.015625 0.029541015625
5 0.577392578125 0.712890625 0.014404296875 0.03076171875
8 0.614013671875 0.55322265625 0.019775390625 0.040283203125
3 0.662353515625 0.549072265625 0.017333984375 0.03955078125
7 0.5439453125 0.5546875 0.0166015625 0.038818359375
3 0.5234375 0.555908203125 0.017333984375 0.033935546875
4 0.564453125 0.55322265625 0.02099609375 0.03857421875
1 0.639404296875 0.550537109375 0.01611328125 0.0419921875