16 0.263671875 0.46923828125 0.02734375 0.045166015625
16 0.455078125 0.46875 0.027099609375 0.042724609375
11 0.505859375 0.46826171875 0.027099609375 0.04150390625
27 0.479248046875 0.721435546875 0.022705078125 0.040283203125
20 0.3984375 0.72412109375 0.0263671875 0.04443359375
29 0.42431640625 0.72119140625 0.02685546875 0.038330078125
24 0.452392578125 0.72314453125 0.02685546875 0.044677734375
22 0.317138671875 0.72705078125 0.0263671875 0.04345703125
10 0.370849609375 0.72509765625 0.023193359375 0.046142578125
27 0.287353515625 0.727294921875 0.02685546875 0.0439453125
24 0.260009765625 0.730224609375 0.0263671875 0.04248046875
15 0.2294921875 0.728271484375 0.027099609375 0.043701171875
22 0.692138671875 0.4638671875 0.0283203125 0.037109375
6 0.647216796875 0.568115234375 0.02734375 0.041748046875
3 0.558349609375 0.4140625 0.024169921875 0.044677734375
0 0.373046875 0.62109375 0.028076171875 0.04443359375
11 0.5615234375 0.82470703125 0.025634765625 0.044189453125
4 0.453857421875 0.82958984375 0.02587890625 0.041015625
1 0.454833984375 0.4140625 0.024169921875 0.045654296875
1 0.610595703125 0.46826171875 0.022705078125 0.04443359375
7 0.611328125 0.412353515625 0.02392578125 0.044189453125
7 0.561279296875 0.466552734375 0.022705078125 0.041259765625
8 0.533203125 0.41455078125 0.026611328125 0.044677734375
5 0.5068359375 0.413330078125 0.0224609375 0.042236328125
9 0.48046875 0.415283203125 0.02685546875 0.046142578125
0 0.6376953125 0.468017578125 0.023681640625 0.045654296875
0 0.7158203125 0.517333984375 0.021240234375 0.04248046875
8 0.816650390625 0.414794921875 0.024658203125 0.04541015625
5 0.72412109375 0.56884765625 0.027587890625 0.04345703125
1 0.6962890625 0.569580078125 0.017333984375 0.039306640625
5 0.84375 0.412109375 0.02587890625 0.045654296875
2 0.318359375 0.471435546875 0.0302734375 0.047119140625
2 0.372314453125 0.468994140625 0.02490234375 0.046142578125
5 0.374755859375 0.518798828125 0.02392578125 0.0478515625
8 0.34521484375 0.520751953125 0.02880859375 0.049560546875
1 0.290771484375 0.47216796875 0.021728515625 0.047119140625
7 0.31982421875 0.620849609375 0.0234375 0.046875
5 0.400634765625 0.78369140625 0.029052734375 0.052490234375
1 0.37060546875 0.785400390625 0.0185546875 0.04638671875
4 0.42724609375 0.830810546875 0.028076171875 0.048095703125
3 0.345458984375 0.677001953125 0.027587890625 0.05029296875
2 0.288330078125 0.621337890625 0.02783203125 0.05029296875
0 0.316650390625 0.67626953125 0.026611328125 0.045654296875
8 0.717529296875 0.619384765625 0.030517578125 0.041259765625
0 0.745361328125 0.619873046875 0.027099609375 0.04541015625
2 0.66162109375 0.51953125 0.026123046875 0.04296875
5 0.75390625 0.712890625 0.02587890625 0.04638671875
2 0.665283203125 0.676513671875 0.029052734375 0.0478515625
0 0.70166015625 0.71533203125 0.025634765625 0.044921875
5 0.592041015625 0.826171875 0.02978515625 0.04541015625