16 0.261962890625 0.468017578125 0.0322265625 0.04296875
16 0.206787109375 0.41552734375 0.03125 0.04150390625
16 0.45263671875 0.46826171875 0.02685546875 0.0380859375
11 0.5068359375 0.46826171875 0.024169921875 0.0380859375
22 0.691650390625 0.4658203125 0.031494140625 0.037841796875
27 0.286376953125 0.72900390625 0.028564453125 0.041748046875
22 0.31689453125 0.7255859375 0.025634765625 0.04052734375
15 0.341796875 0.725341796875 0.02197265625 0.037841796875
20 0.399658203125 0.72509765625 0.029296875 0.04052734375
24 0.45361328125 0.7236328125 0.02734375 0.041259765625
27 0.48095703125 0.72412109375 0.029052734375 0.043212890625
29 0.426513671875 0.72314453125 0.02197265625 0.0380859375
11 0.56298828125 0.8251953125 0.02783203125 0.04443359375
8 0.718017578125 0.618408203125 0.02392578125 0.044677734375
2 0.28955078125 0.62158203125 0.0224609375 0.04638671875
7 0.612060546875 0.412109375 0.027587890625 0.0419921875
7 0.5615234375 0.46630859375 0.02734375 0.040283203125
8 0.345947265625 0.518798828125 0.026611328125 0.047607421875
10 0.369384765625 0.72509765625 0.0244140625 0.040771484375
3 0.345458984375 0.678955078125 0.02490234375 0.05029296875
5 0.402099609375 0.7841796875 0.03369140625 0.04736328125
4 0.42724609375 0.830322265625 0.02734375 0.04345703125
4 0.454833984375 0.828857421875 0.02880859375 0.052001953125
5 0.592041015625 0.8251953125 0.0283203125 0.0478515625
5 0.755859375 0.71630859375 0.025146484375 0.0478515625
7 0.3173828125 0.619140625 0.025390625 0.044921875
3 0.55908203125 0.41552734375 0.025634765625 0.046142578125
8 0.533203125 0.414306640625 0.023193359375 0.040771484375
6 0.646728515625 0.570068359375 0.030029296875 0.04443359375
8 0.8154296875 0.415771484375 0.0302734375 0.048095703125
5 0.84423828125 0.414794921875 0.024658203125 0.047607421875
9 0.480224609375 0.416748046875 0.02783203125 0.0498046875
1 0.480712890625 0.4697265625 0.020263671875 0.050048828125
5 0.508544921875 0.4140625 0.025390625 0.049072265625
0 0.58447265625 0.416259765625 0.02197265625 0.044677734375
0 0.344970703125 0.62109375 0.021728515625 0.053466796875
1 0.69580078125 0.568115234375 0.02197265625 0.04931640625