22 0.690673828125 0.466552734375 0.027099609375 0.038330078125
16 0.453369140625 0.468994140625 0.02490234375 0.045166015625
27 0.4794921875 0.722412109375 0.029296875 0.0439453125
24 0.452392578125 0.7216796875 0.02783203125 0.04052734375
11 0.560546875 0.82421875 0.027099609375 0.045166015625
3 0.55859375 0.416748046875 0.0263671875 0.0439453125
9 0.48046875 0.415283203125 0.0263671875 0.04345703125
5 0.755615234375 0.71533203125 0.023681640625 0.04638671875
7 0.612548828125 0.412841796875 0.028564453125 0.041748046875
7 0.561279296875 0.46337890625 0.0234375 0.04541015625
11 0.50439453125 0.467041015625 0.0283203125 0.041748046875
8 0.533203125 0.416015625 0.025146484375 0.0478515625
8 0.817626953125 0.4150390625 0.023681640625 0.040283203125
5 0.844970703125 0.41650390625 0.0224609375 0.04736328125
8 0.717529296875 0.616943359375 0.02490234375 0.044189453125
6 0.644287109375 0.567138671875 0.03125 0.04736328125
16 0.26416015625 0.46826171875 0.022705078125 0.0458984375
5 0.375 0.515869140625 0.02685546875 0.049560546875
4 0.453369140625 0.831787109375 0.0263671875 0.041015625
4 0.4248046875 0.83154296875 0.02685546875 0.042236328125
29 0.424072265625 0.72412109375 0.025390625 0.04443359375