1 0.45263671875 0.414794921875 0.021728515625 0.044677734375
5 0.507568359375 0.414794921875 0.02392578125 0.044677734375
3 0.558837890625 0.415771484375 0.02294921875 0.04296875
7 0.612060546875 0.41455078125 0.02685546875 0.04296875
2 0.3720703125 0.47119140625 0.020263671875 0.04541015625
16 0.264404296875 0.46826171875 0.030029296875 0.044189453125
16 0.207763671875 0.416015625 0.025146484375 0.041259765625
16 0.455078125 0.471435546875 0.025634765625 0.044677734375
11 0.506103515625 0.470703125 0.025146484375 0.04248046875
0 0.637451171875 0.468994140625 0.02197265625 0.0400390625
22 0.690673828125 0.468505859375 0.02734375 0.0400390625
7 0.317626953125 0.62158203125 0.0234375 0.041259765625
6 0.64697265625 0.571044921875 0.0234375 0.04541015625
8 0.7158203125 0.618896484375 0.02880859375 0.04296875
15 0.230224609375 0.727783203125 0.0224609375 0.04296875
12 0.258544921875 0.72900390625 0.02685546875 0.044189453125
27 0.28759765625 0.72900390625 0.024169921875 0.04296875
22 0.3154296875 0.725341796875 0.02783203125 0.04052734375
15 0.3408203125 0.7236328125 0.02197265625 0.04052734375
10 0.371337890625 0.725830078125 0.0224609375 0.04052734375
20 0.3984375 0.725830078125 0.026123046875 0.041748046875
29 0.425537109375 0.722412109375 0.02392578125 0.04052734375
24 0.451904296875 0.724853515625 0.0263671875 0.04541015625
27 0.48095703125 0.725341796875 0.025146484375 0.044189453125
4 0.426513671875 0.830810546875 0.02685546875 0.044189453125
11 0.561767578125 0.82568359375 0.0234375 0.044677734375
8 0.34619140625 0.515625 0.02685546875 0.04833984375
8 0.8154296875 0.415771484375 0.02685546875 0.045166015625
9 0.478759765625 0.4150390625 0.0263671875 0.045654296875
7 0.560791015625 0.467529296875 0.02392578125 0.039306640625
8 0.532958984375 0.414794921875 0.023193359375 0.043212890625
4 0.454345703125 0.8271484375 0.02685546875 0.047607421875
2 0.287841796875 0.621337890625 0.029052734375 0.043212890625
0 0.373779296875 0.61865234375 0.032470703125 0.0537109375