24 0.256591796875 0.275146484375 0.035400390625 0.04833984375
21 0.292724609375 0.271240234375 0.031982421875 0.05810546875
29 0.35595703125 0.273193359375 0.029541015625 0.05224609375
14 0.389404296875 0.281494140625 0.02783203125 0.05712890625
28 0.619873046875 0.28759765625 0.03173828125 0.0537109375
25 0.7265625 0.626708984375 0.03125 0.054931640625
22 0.692626953125 0.628173828125 0.0302734375 0.055419921875
3 0.69873046875 0.452392578125 0.033935546875 0.059326171875
6 0.25341796875 0.6181640625 0.03369140625 0.061279296875
6 0.557373046875 0.289794921875 0.040283203125 0.068603515625
6 0.57177734375 0.447509765625 0.042236328125 0.0673828125
7 0.312744140625 0.61572265625 0.028076171875 0.075927734375
7 0.325439453125 0.802978515625 0.040283203125 0.064697265625
7 0.6455078125 0.53369140625 0.031005859375 0.061279296875
9 0.7431640625 0.45263671875 0.03173828125 0.06640625
6 0.82666015625 0.62158203125 0.033447265625 0.06298828125
8 0.263671875 0.52392578125 0.036865234375 0.06201171875
5 0.3330078125 0.43505859375 0.03515625 0.0625
3 0.355712890625 0.53125 0.02392578125 0.065185546875
3 0.487548828125 0.529541015625 0.02978515625 0.064208984375
9 0.49462890625 0.622802734375 0.0322265625 0.068115234375
7 0.456298828125 0.6142578125 0.033935546875 0.05517578125
9 0.181640625 0.427001953125 0.036865234375 0.064208984375
2 0.14404296875 0.427978515625 0.033935546875 0.06640625
1 0.11279296875 0.427490234375 0.019775390625 0.05419921875
8 0.6845703125 0.29052734375 0.027099609375 0.0546875
5 0.716796875 0.288330078125 0.028076171875 0.0634765625
6 0.65673828125 0.448974609375 0.02978515625 0.061279296875
6 0.53955078125 0.5322265625 0.0263671875 0.060791015625
6 0.574951171875 0.533447265625 0.028564453125 0.05859375
3 0.4521484375 0.432373046875 0.025634765625 0.0595703125
3 0.419921875 0.43310546875 0.028076171875 0.072021484375
1 0.385009765625 0.43994140625 0.0205078125 0.072509765625