12 0.225341796875 0.273681640625 0.03173828125 0.050537109375
24 0.258056640625 0.27197265625 0.031982421875 0.0517578125
21 0.29150390625 0.2744140625 0.03271484375 0.0546875
18 0.3251953125 0.27685546875 0.013671875 0.061279296875
29 0.359619140625 0.275390625 0.0234375 0.052001953125
14 0.387451171875 0.279541015625 0.02490234375 0.05712890625
22 0.691162109375 0.623046875 0.03271484375 0.0517578125
25 0.727294921875 0.621826171875 0.031982421875 0.051025390625
30 0.79052734375 0.624755859375 0.030029296875 0.056640625
7 0.308837890625 0.618896484375 0.0341796875 0.055908203125
0 0.45556640625 0.53173828125 0.02978515625 0.058837890625
1 0.302978515625 0.527099609375 0.0185546875 0.051025390625
28 0.6201171875 0.28662109375 0.029541015625 0.05126953125
9 0.742919921875 0.45458984375 0.033203125 0.05126953125
6 0.570068359375 0.447021484375 0.03125 0.054443359375
2 0.14892578125 0.42822265625 0.03125 0.05517578125
9 0.181640625 0.427734375 0.028564453125 0.0625
6 0.553955078125 0.288818359375 0.037841796875 0.05712890625
6 0.656005859375 0.44775390625 0.038818359375 0.07275390625
8 0.683837890625 0.290283203125 0.031982421875 0.061279296875
3 0.69970703125 0.449462890625 0.034912109375 0.063720703125
3 0.61181640625 0.4443359375 0.03369140625 0.0625
5 0.714599609375 0.292724609375 0.02978515625 0.059326171875
0 0.787841796875 0.4560546875 0.03662109375 0.05615234375
0 0.259521484375 0.432861328125 0.028076171875 0.060546875
5 0.296142578125 0.43017578125 0.03369140625 0.0576171875
5 0.333251953125 0.43359375 0.034912109375 0.06494140625
1 0.385986328125 0.435546875 0.015625 0.062255859375
3 0.4521484375 0.433349609375 0.034423828125 0.061279296875
3 0.418212890625 0.433349609375 0.028076171875 0.068115234375
3 0.352783203125 0.530517578125 0.024658203125 0.062744140625
2 0.3466796875 0.62353515625 0.02783203125 0.0615234375
7 0.326416015625 0.806884765625 0.030517578125 0.06396484375
5 0.385009765625 0.804443359375 0.035400390625 0.0576171875
6 0.25439453125 0.623046875 0.02685546875 0.067626953125
8 0.263916015625 0.528076171875 0.03564453125 0.061767578125
9 0.49365234375 0.622314453125 0.034423828125 0.05859375
7 0.458251953125 0.619140625 0.034912109375 0.056396484375
2 0.387939453125 0.532470703125 0.029541015625 0.054931640625
6 0.541748046875 0.53271484375 0.030029296875 0.05712890625
6 0.574462890625 0.533203125 0.029296875 0.057861328125
7 0.641357421875 0.534423828125 0.030517578125 0.0537109375
7 0.60888671875 0.532470703125 0.029052734375 0.060302734375
6 0.823974609375 0.62646484375 0.037353515625 0.05712890625
3 0.490234375 0.533203125 0.03271484375 0.0615234375
0 0.422119140625 0.530029296875 0.029296875 0.056884765625
0 0.749755859375 0.291015625 0.036376953125 0.06298828125