12 0.22509765625 0.271728515625 0.028076171875 0.05322265625
24 0.25830078125 0.27392578125 0.03271484375 0.054931640625
21 0.292724609375 0.27685546875 0.032958984375 0.060791015625
29 0.357177734375 0.27490234375 0.026123046875 0.045166015625
14 0.388427734375 0.279541015625 0.025390625 0.05908203125
7 0.31201171875 0.61572265625 0.0263671875 0.051025390625
22 0.689697265625 0.624755859375 0.032470703125 0.061767578125
25 0.726806640625 0.62451171875 0.03076171875 0.05419921875
30 0.7900390625 0.6259765625 0.031982421875 0.05712890625
1 0.387451171875 0.43603515625 0.014404296875 0.05859375
3 0.4892578125 0.529541015625 0.029541015625 0.054931640625
28 0.619140625 0.290283203125 0.0361328125 0.058837890625
6 0.5673828125 0.4453125 0.039794921875 0.0673828125
6 0.65625 0.445068359375 0.0361328125 0.063232421875
6 0.554443359375 0.28564453125 0.03564453125 0.0595703125
8 0.680419921875 0.289794921875 0.031005859375 0.05908203125
8 0.263427734375 0.529541015625 0.034423828125 0.0673828125
6 0.255615234375 0.619140625 0.0322265625 0.063232421875
6 0.82373046875 0.6240234375 0.033935546875 0.061767578125
7 0.328369140625 0.806640625 0.029541015625 0.06787109375
7 0.642578125 0.529296875 0.0263671875 0.057861328125
7 0.4580078125 0.611328125 0.0302734375 0.052734375
9 0.49462890625 0.623046875 0.033447265625 0.063720703125
9 0.74365234375 0.45068359375 0.0361328125 0.0615234375
3 0.69921875 0.447509765625 0.0322265625 0.05908203125
3 0.613525390625 0.444580078125 0.02880859375 0.05859375
3 0.45263671875 0.43115234375 0.0302734375 0.0537109375
3 0.41796875 0.43359375 0.03125 0.064208984375
3 0.35498046875 0.529052734375 0.027587890625 0.062255859375
2 0.345947265625 0.620849609375 0.0302734375 0.064697265625
5 0.38525390625 0.80908203125 0.033447265625 0.065185546875
9 0.183349609375 0.426025390625 0.029541015625 0.06005859375
2 0.145751953125 0.4267578125 0.03271484375 0.0615234375
29 0.32421875 0.2734375 0.025390625 0.068359375
6 0.542724609375 0.53271484375 0.02880859375 0.060546875
6 0.575927734375 0.531982421875 0.030517578125 0.055419921875
2 0.387939453125 0.533203125 0.032958984375 0.06689453125
0 0.262451171875 0.42822265625 0.03125 0.056884765625