25 0.391845703125 0.6875 0.016357421875 0.0390625
28 0.409423828125 0.6865234375 0.017578125 0.039306640625
5 0.71728515625 0.653076171875 0.02099609375 0.03857421875
2 0.79443359375 0.6474609375 0.021728515625 0.035888671875
3 0.37060546875 0.68896484375 0.018798828125 0.039794921875
2 0.339111328125 0.693115234375 0.02099609375 0.04052734375
5 0.306396484375 0.695068359375 0.01953125 0.0380859375
1 0.3212890625 0.6943359375 0.01171875 0.03857421875
1 0.64111328125 0.659423828125 0.021484375 0.036376953125
2 0.678955078125 0.656494140625 0.022216796875 0.034912109375
7 0.75439453125 0.64892578125 0.023193359375 0.03564453125
4 0.829833984375 0.638427734375 0.030517578125 0.0380859375