22 0.53173828125 0.51416015625 0.016357421875 0.039794921875
25 0.548095703125 0.51318359375 0.015380859375 0.041748046875
30 0.58349609375 0.514892578125 0.019775390625 0.03857421875
14 0.590576171875 0.64111328125 0.017822265625 0.04443359375
8 0.614013671875 0.514892578125 0.017333984375 0.035888671875
1 0.64794921875 0.51611328125 0.013916015625 0.043701171875
7 0.487548828125 0.38134765625 0.015869140625 0.04052734375
5 0.5234375 0.261474609375 0.014404296875 0.04248046875
29 0.598876953125 0.261474609375 0.018798828125 0.050048828125
0 0.31982421875 0.445068359375 0.014892578125 0.041748046875
3 0.337646484375 0.4453125 0.018798828125 0.03857421875
6 0.372314453125 0.44580078125 0.016845703125 0.041748046875
9 0.39208984375 0.445068359375 0.017822265625 0.04296875
8 0.42822265625 0.4482421875 0.018798828125 0.041748046875
4 0.16015625 0.3779296875 0.019775390625 0.04638671875
28 0.243896484375 0.259033203125 0.017333984375 0.044921875
29 0.31787109375 0.260009765625 0.022705078125 0.046875
25 0.260986328125 0.25732421875 0.018798828125 0.04443359375
32 0.1572265625 0.259033203125 0.020263671875 0.04248046875
14 0.189697265625 0.260498046875 0.018798828125 0.049560546875
14 0.138916015625 0.261474609375 0.015380859375 0.043701171875
2 0.450927734375 0.381103515625 0.015869140625 0.04638671875
0 0.28173828125 0.37841796875 0.01904296875 0.04736328125
3 0.26611328125 0.445068359375 0.014892578125 0.04443359375
5 0.319091796875 0.380859375 0.02294921875 0.04931640625
8 0.522216796875 0.3837890625 0.01708984375 0.05419921875
3 0.541259765625 0.384765625 0.0166015625 0.05029296875
3 0.563720703125 0.26513671875 0.02001953125 0.055908203125
6 0.43310546875 0.262451171875 0.0234375 0.05029296875
1 0.415283203125 0.261962890625 0.016845703125 0.053466796875
4 0.665283203125 0.51513671875 0.014404296875 0.04296875
2 0.28369140625 0.447021484375 0.017822265625 0.04150390625
8 0.177978515625 0.375244140625 0.02197265625 0.0537109375
8 0.24755859375 0.376953125 0.021728515625 0.044677734375
28 0.468505859375 0.259521484375 0.0234375 0.0458984375