29 0.59912109375 0.2568359375 0.02001953125 0.046142578125
7 0.486083984375 0.380859375 0.0185546875 0.04541015625
30 0.58203125 0.515625 0.0166015625 0.040771484375
22 0.5322265625 0.514404296875 0.016357421875 0.037109375
14 0.590087890625 0.64111328125 0.017822265625 0.037109375
8 0.427001953125 0.44580078125 0.01611328125 0.041015625
4 0.16015625 0.376953125 0.014892578125 0.04248046875
5 0.31787109375 0.378173828125 0.0185546875 0.042724609375
3 0.3369140625 0.44384765625 0.017822265625 0.0390625
6 0.37353515625 0.443603515625 0.016845703125 0.040771484375
9 0.39111328125 0.446044921875 0.017578125 0.043212890625
1 0.41015625 0.4453125 0.013916015625 0.037109375
0 0.281494140625 0.37744140625 0.01806640625 0.04638671875
28 0.244140625 0.2578125 0.017333984375 0.044921875
28 0.46875 0.26318359375 0.02392578125 0.04931640625
2 0.506103515625 0.263427734375 0.017822265625 0.0419921875
2 0.543212890625 0.26025390625 0.016845703125 0.04833984375
26 0.62158203125 0.2578125 0.0263671875 0.048828125
3 0.564697265625 0.259033203125 0.020263671875 0.051025390625
1 0.413818359375 0.2607421875 0.0166015625 0.04833984375
6 0.4306640625 0.258544921875 0.01953125 0.04638671875
8 0.5234375 0.38232421875 0.017822265625 0.04296875
3 0.541748046875 0.38134765625 0.020751953125 0.043701171875
21 0.516357421875 0.51611328125 0.015625 0.0458984375
8 0.615966796875 0.517333984375 0.018798828125 0.042236328125
1 0.650634765625 0.51708984375 0.013916015625 0.042724609375
4 0.664794921875 0.516845703125 0.01513671875 0.041259765625
2 0.571533203125 0.639404296875 0.013916015625 0.0390625
0 0.554931640625 0.64013671875 0.013427734375 0.040771484375
3 0.265380859375 0.44384765625 0.01708984375 0.042236328125
8 0.1767578125 0.37744140625 0.0205078125 0.0439453125
3 0.142822265625 0.3759765625 0.016845703125 0.040771484375
5 0.1904296875 0.25927734375 0.021484375 0.047119140625
29 0.317626953125 0.25830078125 0.024169921875 0.044921875
2 0.45068359375 0.380615234375 0.01611328125 0.046630859375
0 0.431640625 0.380859375 0.014892578125 0.043701171875
8 0.4697265625 0.380859375 0.01708984375 0.044189453125