32 0.158203125 0.26025390625 0.0244140625 0.046630859375
22 0.5322265625 0.514892578125 0.017578125 0.040771484375
30 0.58154296875 0.513427734375 0.01806640625 0.0400390625
29 0.599365234375 0.258544921875 0.019287109375 0.042724609375
2 0.451171875 0.38134765625 0.020751953125 0.048828125
7 0.487548828125 0.381103515625 0.014404296875 0.050048828125
5 0.5234375 0.260009765625 0.02001953125 0.050537109375
25 0.261474609375 0.259033203125 0.01708984375 0.047607421875
28 0.245361328125 0.260986328125 0.0185546875 0.0546875
3 0.1787109375 0.378662109375 0.0234375 0.04248046875
9 0.391357421875 0.445068359375 0.016357421875 0.04345703125
3 0.337158203125 0.446044921875 0.017333984375 0.04150390625
8 0.4287109375 0.448486328125 0.01953125 0.044189453125
8 0.523193359375 0.38134765625 0.01611328125 0.043212890625
8 0.4697265625 0.382568359375 0.01611328125 0.046630859375
5 0.318603515625 0.3779296875 0.018310546875 0.045654296875
3 0.142822265625 0.37744140625 0.017578125 0.04345703125
29 0.318603515625 0.260986328125 0.02197265625 0.04541015625
28 0.466796875 0.260986328125 0.0263671875 0.04541015625
6 0.431640625 0.259765625 0.021484375 0.04931640625
2 0.541259765625 0.26220703125 0.016845703125 0.046630859375
3 0.562744140625 0.260498046875 0.01513671875 0.051513671875
8 0.61328125 0.515625 0.01806640625 0.037841796875
4 0.665283203125 0.516845703125 0.01416015625 0.052001953125
14 0.59033203125 0.642333984375 0.01708984375 0.04638671875
2 0.28466796875 0.446533203125 0.0166015625 0.046630859375
0 0.337890625 0.511962890625 0.01806640625 0.04345703125
8 0.283203125 0.510498046875 0.01806640625 0.043212890625
0 0.228759765625 0.37646484375 0.017822265625 0.04443359375
8 0.247314453125 0.376953125 0.016845703125 0.042724609375