19 0.372314453125 0.24951171875 0.02490234375 0.060302734375
17 0.40185546875 0.252197265625 0.02587890625 0.06591796875
29 0.489501953125 0.24853515625 0.021728515625 0.06201171875
14 0.521484375 0.245849609375 0.02685546875 0.064208984375
20 0.34423828125 0.330322265625 0.02734375 0.0595703125
11 0.376220703125 0.32763671875 0.021240234375 0.0556640625
32 0.404052734375 0.328125 0.02734375 0.053466796875
2 0.435791015625 0.2490234375 0.02783203125 0.062744140625
4 0.498046875 0.399658203125 0.01904296875 0.049560546875
9 0.407470703125 0.40380859375 0.02490234375 0.052001953125
6 0.3544921875 0.556884765625 0.021240234375 0.05419921875
5 0.41259765625 0.556396484375 0.02880859375 0.052001953125
0 0.527099609375 0.55224609375 0.02587890625 0.051025390625
1 0.44287109375 0.632080078125 0.01806640625 0.0556640625
0 0.5546875 0.3955078125 0.020751953125 0.056640625
2 0.435302734375 0.32275390625 0.027099609375 0.059814453125
6 0.411376953125 0.63427734375 0.027099609375 0.06494140625
6 0.498046875 0.553955078125 0.02587890625 0.0576171875
3 0.47265625 0.553955078125 0.0205078125 0.058837890625
4 0.3271484375 0.560791015625 0.025634765625 0.05810546875
4 0.3203125 0.410400390625 0.02490234375 0.062255859375
4 0.342529296875 0.24951171875 0.027587890625 0.048828125
3 0.468017578125 0.400634765625 0.0224609375 0.054443359375
1 0.501220703125 0.6259765625 0.019287109375 0.0615234375