19 0.373779296875 0.24951171875 0.022216796875 0.060791015625
17 0.400634765625 0.251220703125 0.0224609375 0.056396484375
29 0.48974609375 0.244140625 0.01953125 0.055908203125
14 0.521728515625 0.242431640625 0.027099609375 0.052490234375
11 0.37646484375 0.3291015625 0.0244140625 0.05810546875
20 0.343017578125 0.330078125 0.0244140625 0.05712890625
32 0.404296875 0.328125 0.023193359375 0.05908203125
4 0.494873046875 0.400390625 0.023681640625 0.051513671875
5 0.41259765625 0.556640625 0.028564453125 0.051513671875
6 0.500244140625 0.551513671875 0.019775390625 0.053955078125
0 0.471435546875 0.6279296875 0.02392578125 0.0576171875
1 0.351806640625 0.4091796875 0.022216796875 0.059814453125
2 0.4345703125 0.24560546875 0.0205078125 0.05859375
2 0.43359375 0.327880859375 0.022216796875 0.052978515625
3 0.468017578125 0.400390625 0.022216796875 0.052490234375
3 0.471435546875 0.55517578125 0.021728515625 0.05810546875
6 0.35205078125 0.557373046875 0.025146484375 0.056640625
6 0.41259765625 0.631591796875 0.02880859375 0.063232421875
4 0.343505859375 0.248046875 0.026611328125 0.054931640625
4 0.31982421875 0.408203125 0.02734375 0.051513671875
4 0.3251953125 0.558837890625 0.025146484375 0.05712890625
1 0.385009765625 0.636474609375 0.02392578125 0.05859375
1 0.4990234375 0.62353515625 0.025146484375 0.06103515625
0 0.528076171875 0.551513671875 0.025390625 0.053466796875
0 0.554931640625 0.39794921875 0.03125 0.053466796875
0 0.558837890625 0.550048828125 0.031005859375 0.053466796875
9 0.407958984375 0.406494140625 0.025146484375 0.0595703125