32 0.40380859375 0.327880859375 0.025146484375 0.052490234375
11 0.375 0.327880859375 0.02490234375 0.056884765625
20 0.3447265625 0.32568359375 0.022216796875 0.0556640625
19 0.373779296875 0.24853515625 0.020263671875 0.054443359375
17 0.402099609375 0.25048828125 0.021484375 0.059814453125
14 0.521240234375 0.243408203125 0.024658203125 0.054931640625
29 0.48828125 0.24609375 0.026123046875 0.052490234375
6 0.413818359375 0.63232421875 0.0263671875 0.0625
4 0.34765625 0.254150390625 0.0224609375 0.05517578125
4 0.322265625 0.412841796875 0.027587890625 0.06005859375
4 0.32421875 0.559814453125 0.025390625 0.0576171875
6 0.354736328125 0.55908203125 0.028564453125 0.0576171875
9 0.4091796875 0.406005859375 0.02978515625 0.054443359375
2 0.434326171875 0.24951171875 0.024169921875 0.055419921875
4 0.497802734375 0.399658203125 0.02099609375 0.051513671875
6 0.498046875 0.54736328125 0.02197265625 0.060302734375
0 0.529541015625 0.5498046875 0.023681640625 0.049072265625
1 0.50390625 0.62939453125 0.019775390625 0.06787109375
5 0.412109375 0.55517578125 0.029052734375 0.057861328125
2 0.436767578125 0.32421875 0.027099609375 0.056884765625
1 0.349609375 0.40869140625 0.020263671875 0.058349609375
3 0.473876953125 0.5537109375 0.019775390625 0.056884765625
3 0.4677734375 0.398681640625 0.018310546875 0.05908203125