19 0.373779296875 0.247314453125 0.02490234375 0.055419921875
17 0.406005859375 0.2548828125 0.0322265625 0.072265625
29 0.489990234375 0.241455078125 0.022705078125 0.0576171875
14 0.521484375 0.243408203125 0.0263671875 0.061767578125
11 0.375 0.329833984375 0.027587890625 0.0634765625
32 0.4052734375 0.326416015625 0.0263671875 0.04638671875
20 0.344970703125 0.3251953125 0.0263671875 0.0595703125
6 0.4990234375 0.551513671875 0.02685546875 0.0556640625
4 0.34521484375 0.2509765625 0.023681640625 0.0556640625
4 0.49609375 0.3974609375 0.021240234375 0.0478515625
4 0.32080078125 0.41015625 0.02880859375 0.059814453125
4 0.323486328125 0.56201171875 0.025390625 0.056884765625
6 0.4150390625 0.631103515625 0.029296875 0.054443359375
6 0.353271484375 0.558349609375 0.02734375 0.055908203125
3 0.471435546875 0.554931640625 0.02197265625 0.0595703125
9 0.40576171875 0.400634765625 0.025634765625 0.055419921875
3 0.46826171875 0.400390625 0.02197265625 0.05615234375
0 0.52490234375 0.3974609375 0.028564453125 0.049072265625
0 0.527587890625 0.55224609375 0.026611328125 0.0595703125
5 0.411865234375 0.55419921875 0.028076171875 0.057861328125
1 0.3828125 0.6318359375 0.023193359375 0.055908203125
1 0.50146484375 0.62353515625 0.014892578125 0.05908203125
2 0.436767578125 0.324951171875 0.02685546875 0.0498046875