29 0.22265625 0.17578125 0.016357421875 0.04931640625
10 0.239501953125 0.179443359375 0.017578125 0.052978515625
23 0.25732421875 0.1787109375 0.016845703125 0.0478515625
20 0.2763671875 0.180419921875 0.013427734375 0.051025390625
22 0.316650390625 0.178955078125 0.021728515625 0.04833984375
22 0.4052734375 0.180419921875 0.02099609375 0.049560546875
22 0.470458984375 0.1826171875 0.022216796875 0.04638671875
18 0.36962890625 0.18017578125 0.009033203125 0.048828125
30 0.383056640625 0.17919921875 0.017333984375 0.05078125
13 0.354736328125 0.18017578125 0.01904296875 0.04736328125
14 0.337646484375 0.17919921875 0.01513671875 0.046875