29 0.2236328125 0.179443359375 0.012939453125 0.05224609375
10 0.239990234375 0.179443359375 0.017822265625 0.050537109375
23 0.25732421875 0.18017578125 0.018798828125 0.05224609375
20 0.276123046875 0.179443359375 0.01806640625 0.049072265625
22 0.40576171875 0.180908203125 0.021728515625 0.046630859375
22 0.317138671875 0.182861328125 0.0234375 0.04931640625
22 0.470458984375 0.18017578125 0.0234375 0.045166015625
13 0.35498046875 0.1796875 0.016845703125 0.0517578125
14 0.3369140625 0.179443359375 0.01416015625 0.046630859375
30 0.3837890625 0.18017578125 0.01611328125 0.048095703125
18 0.370361328125 0.181396484375 0.008056640625 0.0478515625
29 0.2060546875 0.495849609375 0.013916015625 0.03125
5 0.290771484375 0.494140625 0.0126953125 0.03466796875
5 0.345947265625 0.4951171875 0.011962890625 0.03662109375
1 0.3662109375 0.49609375 0.008544921875 0.0322265625
1 0.420654296875 0.599365234375 0.010009765625 0.041015625
1 0.48974609375 0.544921875 0.010009765625 0.0302734375
0 0.460205078125 0.595703125 0.0146484375 0.03076171875
0 0.503173828125 0.54541015625 0.012451171875 0.032958984375
6 0.4912109375 0.18408203125 0.017333984375 0.056640625
3 0.678466796875 0.448974609375 0.01123046875 0.037353515625
3 0.65087890625 0.544921875 0.013427734375 0.030029296875
3 0.685546875 0.648681640625 0.01318359375 0.032470703125
3 0.79638671875 0.599853515625 0.011474609375 0.029541015625
5 0.822265625 0.548583984375 0.01513671875 0.0361328125
5 0.7841796875 0.598388671875 0.01220703125 0.03466796875
8 0.8271484375 0.65185546875 0.00927734375 0.033935546875
9 0.849609375 0.705322265625 0.01318359375 0.04150390625
4 0.82470703125 0.705322265625 0.012939453125 0.03662109375
4 0.835693359375 0.702392578125 0.012451171875 0.037353515625
3 0.810546875 0.70361328125 0.012939453125 0.033447265625
3 0.850341796875 0.651611328125 0.0107421875 0.030517578125
2 0.81689453125 0.651123046875 0.010498046875 0.03125
5 0.53125 0.6474609375 0.0107421875 0.03173828125
3 0.50390625 0.64794921875 0.011962890625 0.0341796875
8 0.434326171875 0.59716796875 0.013671875 0.03662109375
9 0.647216796875 0.450927734375 0.01220703125 0.03662109375
1 0.733154296875 0.44775390625 0.010009765625 0.03369140625
1 0.763427734375 0.449462890625 0.010009765625 0.029541015625
5 0.7451171875 0.446044921875 0.011474609375 0.0302734375
0 0.70263671875 0.447265625 0.011962890625 0.03515625
5 0.689697265625 0.445068359375 0.01220703125 0.031982421875
21 0.61279296875 0.447021484375 0.011474609375 0.033447265625
2 0.32275390625 0.496337890625 0.0087890625 0.037353515625
0 0.377685546875 0.4931640625 0.013916015625 0.03125
22 0.22216796875 0.49462890625 0.016357421875 0.0302734375
9 0.244873046875 0.493896484375 0.012939453125 0.034912109375