29 0.22314453125 0.17578125 0.01416015625 0.050537109375
10 0.23974609375 0.182373046875 0.016357421875 0.0546875
10 0.5361328125 0.182373046875 0.019287109375 0.048095703125
22 0.470458984375 0.18115234375 0.023681640625 0.05078125
23 0.257080078125 0.176513671875 0.016357421875 0.05517578125
22 0.31591796875 0.181884765625 0.023681640625 0.05078125
22 0.4072265625 0.17919921875 0.025146484375 0.048583984375
30 0.38427734375 0.180419921875 0.015869140625 0.04931640625
18 0.369873046875 0.1806640625 0.008056640625 0.054931640625
13 0.354736328125 0.179443359375 0.015380859375 0.05419921875
14 0.337158203125 0.1787109375 0.012939453125 0.04931640625
20 0.275390625 0.178955078125 0.014404296875 0.0546875
29 0.20654296875 0.495849609375 0.01171875 0.03515625
22 0.222900390625 0.4970703125 0.015380859375 0.037353515625
21 0.611572265625 0.44482421875 0.010986328125 0.035888671875
24 0.822998046875 0.597412109375 0.012451171875 0.03271484375
23 0.833984375 0.5966796875 0.011474609375 0.032958984375
28 0.845458984375 0.59619140625 0.01123046875 0.03369140625
29 0.811767578125 0.59814453125 0.009521484375 0.031005859375
6 0.490966796875 0.181884765625 0.015625 0.046142578125
9 0.646484375 0.44775390625 0.013427734375 0.03466796875
9 0.24365234375 0.495849609375 0.01123046875 0.035400390625
3 0.27783203125 0.496826171875 0.010498046875 0.03369140625
3 0.649658203125 0.54833984375 0.014404296875 0.0380859375
3 0.686767578125 0.646484375 0.0146484375 0.035888671875
3 0.503662109375 0.64990234375 0.013671875 0.034423828125
5 0.53173828125 0.651123046875 0.01708984375 0.036865234375
5 0.8212890625 0.54638671875 0.017333984375 0.032958984375
8 0.826904296875 0.650634765625 0.010498046875 0.03125
4 0.83740234375 0.703125 0.011474609375 0.029052734375
4 0.824462890625 0.702392578125 0.01025390625 0.03271484375
9 0.848876953125 0.702880859375 0.01318359375 0.033447265625
4 0.673095703125 0.6484375 0.01123046875 0.03466796875
8 0.432861328125 0.59765625 0.01318359375 0.03515625
0 0.461181640625 0.59521484375 0.01220703125 0.031982421875
0 0.50341796875 0.54296875 0.014892578125 0.03564453125
1 0.48974609375 0.546630859375 0.009521484375 0.033447265625
1 0.420654296875 0.595703125 0.00732421875 0.02978515625
1 0.365966796875 0.495361328125 0.010986328125 0.03125
5 0.346435546875 0.4951171875 0.012939453125 0.030517578125
5 0.289794921875 0.4931640625 0.01171875 0.0380859375
2 0.26416015625 0.495361328125 0.01220703125 0.03271484375
3 0.678955078125 0.44677734375 0.010986328125 0.03564453125
5 0.68994140625 0.448974609375 0.01025390625 0.03515625
5 0.74462890625 0.447021484375 0.013427734375 0.034912109375
2 0.720703125 0.446533203125 0.01416015625 0.03076171875
0 0.775146484375 0.44775390625 0.012939453125 0.03759765625
5 0.78515625 0.598388671875 0.010498046875 0.0380859375
2 0.817138671875 0.651123046875 0.010498046875 0.031982421875