29 0.586181640625 0.303466796875 0.02197265625 0.05517578125
11 0.618896484375 0.302734375 0.02294921875 0.05078125
1 0.683837890625 0.293701171875 0.01611328125 0.052734375
6 0.6181640625 0.37939453125 0.026123046875 0.0478515625
3 0.780517578125 0.363525390625 0.026123046875 0.04150390625
2 0.634521484375 0.528564453125 0.02392578125 0.04833984375
0 0.64990234375 0.3779296875 0.0234375 0.05078125
1 0.58447265625 0.38330078125 0.0146484375 0.049072265625
6 0.692626953125 0.451171875 0.028564453125 0.052001953125
6 0.717041015625 0.28955078125 0.028564453125 0.050048828125
1 0.678955078125 0.371826171875 0.015869140625 0.046875
0 0.714599609375 0.37255859375 0.02783203125 0.052978515625