29 0.585693359375 0.306640625 0.0244140625 0.051513671875
11 0.619384765625 0.30322265625 0.02685546875 0.053466796875
6 0.6943359375 0.4501953125 0.02734375 0.043701171875
0 0.713134765625 0.37060546875 0.034423828125 0.047119140625
6 0.71630859375 0.292724609375 0.02734375 0.0498046875
6 0.615478515625 0.381103515625 0.0263671875 0.046630859375
0 0.6484375 0.37939453125 0.028564453125 0.05224609375
2 0.634765625 0.52783203125 0.02734375 0.0478515625
2 0.6982421875 0.525634765625 0.03076171875 0.052978515625
3 0.78125 0.363525390625 0.0244140625 0.044677734375
1 0.584716796875 0.3828125 0.014892578125 0.039794921875