11 0.618408203125 0.301513671875 0.02783203125 0.047607421875
29 0.587158203125 0.30224609375 0.021728515625 0.046142578125
3 0.780029296875 0.36181640625 0.023681640625 0.05029296875
0 0.65234375 0.300537109375 0.02294921875 0.05126953125
1 0.6796875 0.376708984375 0.017578125 0.047119140625
6 0.718505859375 0.29052734375 0.031005859375 0.049560546875
6 0.6181640625 0.380615234375 0.02880859375 0.04931640625
6 0.69482421875 0.448974609375 0.025634765625 0.048583984375
2 0.698486328125 0.5234375 0.02734375 0.047607421875
2 0.63525390625 0.5283203125 0.02294921875 0.0478515625
1 0.683837890625 0.295166015625 0.0185546875 0.049560546875