29 0.58544921875 0.303466796875 0.0234375 0.047119140625
11 0.619140625 0.30029296875 0.023681640625 0.04833984375
3 0.780517578125 0.36279296875 0.023681640625 0.044189453125
1 0.6298828125 0.455810546875 0.016357421875 0.048095703125
2 0.696044921875 0.521484375 0.026123046875 0.044189453125
0 0.65380859375 0.29736328125 0.02587890625 0.055908203125
0 0.71533203125 0.370361328125 0.030029296875 0.0458984375
0 0.746826171875 0.36669921875 0.02783203125 0.0478515625
1 0.6796875 0.373046875 0.017578125 0.0419921875
1 0.68212890625 0.293701171875 0.020751953125 0.048583984375
1 0.58447265625 0.384521484375 0.0146484375 0.053466796875
6 0.616943359375 0.3798828125 0.0244140625 0.05126953125
6 0.71728515625 0.290283203125 0.02587890625 0.050537109375
6 0.696044921875 0.450927734375 0.022705078125 0.048583984375
2 0.631591796875 0.52978515625 0.026123046875 0.043212890625
1 0.603759765625 0.529052734375 0.01513671875 0.046630859375