27 0.300537109375 0.69775390625 0.050537109375 0.104248046875
17 0.484619140625 0.710693359375 0.052978515625 0.097900390625
5 0.73681640625 0.72021484375 0.05029296875 0.107421875
2 0.42333984375 0.70849609375 0.0498046875 0.10888671875
7 0.869140625 0.720947265625 0.050537109375 0.09619140625
0 0.801513671875 0.723876953125 0.058837890625 0.10009765625
9 0.241943359375 0.6923828125 0.050048828125 0.099609375
5 0.610107421875 0.71240234375 0.050048828125 0.110107421875
4 0.670654296875 0.71826171875 0.046875 0.101806640625
1 0.5439453125 0.711669921875 0.0439453125 0.105712890625
0 0.36083984375 0.698486328125 0.05078125 0.106201171875