19 0.47705078125 0.49755859375 0.012451171875 0.03173828125
22 0.461669921875 0.49462890625 0.01416015625 0.027099609375
17 0.3310546875 0.43115234375 0.02001953125 0.02978515625
8 0.540771484375 0.502685546875 0.012451171875 0.036376953125
8 0.41455078125 0.4892578125 0.012451171875 0.03173828125
9 0.382568359375 0.486572265625 0.013916015625 0.03076171875
9 0.278564453125 0.4267578125 0.01953125 0.02734375
12 0.3203125 0.4814453125 0.014404296875 0.02490234375
12 0.445068359375 0.494384765625 0.01123046875 0.031005859375
17 0.4296875 0.492431640625 0.010986328125 0.031494140625
3 0.39794921875 0.4873046875 0.015380859375 0.032958984375
29 0.3505859375 0.48291015625 0.01220703125 0.027587890625
12 0.49267578125 0.499267578125 0.010009765625 0.031982421875
0 0.508056640625 0.5 0.015625 0.035400390625