22 0.460693359375 0.49560546875 0.014404296875 0.027587890625
19 0.4765625 0.495849609375 0.010498046875 0.029052734375
8 0.54052734375 0.50244140625 0.012939453125 0.03369140625
8 0.41455078125 0.490478515625 0.01611328125 0.030517578125
8 0.312744140625 0.428955078125 0.015380859375 0.024658203125
10 0.334716796875 0.482421875 0.013671875 0.0283203125
29 0.3515625 0.482666015625 0.011474609375 0.024658203125
9 0.382568359375 0.48583984375 0.013671875 0.03173828125
9 0.279296875 0.425048828125 0.012939453125 0.02978515625
3 0.29638671875 0.42822265625 0.013671875 0.029052734375
12 0.49365234375 0.498046875 0.01513671875 0.029296875
12 0.319580078125 0.4814453125 0.013427734375 0.030029296875
3 0.398681640625 0.487548828125 0.0146484375 0.02978515625
6 0.55517578125 0.503662109375 0.013427734375 0.0322265625
17 0.430419921875 0.49072265625 0.0126953125 0.031005859375
12 0.4462890625 0.4931640625 0.01318359375 0.030517578125