17 0.3310546875 0.4306640625 0.02001953125 0.03125
22 0.46044921875 0.495361328125 0.012451171875 0.031494140625
19 0.475830078125 0.496337890625 0.012939453125 0.0283203125
17 0.430908203125 0.49267578125 0.013427734375 0.0283203125
9 0.382080078125 0.48583984375 0.011962890625 0.031005859375
9 0.278564453125 0.42724609375 0.014404296875 0.03076171875
10 0.3349609375 0.481689453125 0.014404296875 0.03173828125
8 0.540771484375 0.502197265625 0.01416015625 0.031494140625
6 0.555908203125 0.50244140625 0.01220703125 0.034423828125
8 0.414306640625 0.490966796875 0.011962890625 0.02978515625
3 0.3984375 0.486572265625 0.017333984375 0.028564453125
8 0.313232421875 0.43017578125 0.0166015625 0.03271484375
2 0.572998046875 0.506103515625 0.01513671875 0.03369140625
29 0.3515625 0.48291015625 0.013916015625 0.02783203125
12 0.320068359375 0.481689453125 0.014404296875 0.025146484375
12 0.445556640625 0.493896484375 0.01416015625 0.030029296875