14 0.807373046875 0.52978515625 0.0419921875 0.11279296875
5 0.75732421875 0.528564453125 0.048828125 0.11376953125
10 0.428466796875 0.535400390625 0.0458984375 0.1279296875
5 0.37060546875 0.536865234375 0.05322265625 0.11767578125
12 0.307373046875 0.539794921875 0.062255859375 0.119384765625
6 0.620361328125 0.5322265625 0.04736328125 0.117919921875
0 0.67138671875 0.529541015625 0.051513671875 0.1142578125
1 0.71630859375 0.52734375 0.026123046875 0.115478515625
14 0.483154296875 0.53515625 0.056640625 0.127197265625
2 0.357421875 0.404296875 0.034423828125 0.080078125
5 0.400146484375 0.400146484375 0.0361328125 0.07763671875
10 0.318603515625 0.408935546875 0.03369140625 0.079833984375
7 0.27685546875 0.404296875 0.03515625 0.07080078125