12 0.3076171875 0.53369140625 0.061767578125 0.108642578125
5 0.37353515625 0.535400390625 0.048583984375 0.12060546875
10 0.42822265625 0.53369140625 0.055908203125 0.122314453125
14 0.486328125 0.539794921875 0.05029296875 0.13427734375
6 0.6162109375 0.533203125 0.05419921875 0.12158203125
0 0.673095703125 0.5302734375 0.05126953125 0.11376953125
1 0.71630859375 0.52734375 0.025146484375 0.116455078125
14 0.809814453125 0.526123046875 0.04736328125 0.1103515625
5 0.402587890625 0.4033203125 0.034423828125 0.0673828125
10 0.32080078125 0.40625 0.02880859375 0.068115234375
7 0.2783203125 0.4052734375 0.029541015625 0.075927734375