12 0.310302734375 0.538330078125 0.059326171875 0.116455078125
10 0.427978515625 0.52978515625 0.0517578125 0.126220703125
14 0.48779296875 0.531005859375 0.05078125 0.12353515625
14 0.8115234375 0.527587890625 0.05029296875 0.12158203125
10 0.318115234375 0.41015625 0.033935546875 0.07763671875
7 0.27734375 0.4072265625 0.03271484375 0.07177734375
6 0.618408203125 0.527587890625 0.05126953125 0.113525390625
5 0.4013671875 0.397705078125 0.03564453125 0.078369140625
2 0.3603515625 0.4091796875 0.0302734375 0.08740234375
5 0.372314453125 0.531005859375 0.056640625 0.134521484375
1 0.713623046875 0.52685546875 0.026123046875 0.126220703125
5 0.755859375 0.526123046875 0.046630859375 0.123291015625