12 0.309814453125 0.5361328125 0.055908203125 0.117431640625
10 0.4296875 0.530029296875 0.048095703125 0.116943359375
14 0.485107421875 0.533203125 0.056396484375 0.119384765625
14 0.8095703125 0.53076171875 0.0546875 0.12255859375
5 0.75439453125 0.525146484375 0.0498046875 0.12109375
5 0.3720703125 0.538330078125 0.05419921875 0.12890625
5 0.403076171875 0.40673828125 0.029541015625 0.0703125
1 0.71435546875 0.52490234375 0.025634765625 0.119873046875
10 0.318359375 0.41064453125 0.03271484375 0.077880859375
7 0.276611328125 0.402587890625 0.034912109375 0.06982421875
2 0.361083984375 0.40966796875 0.03466796875 0.071044921875
6 0.61669921875 0.5263671875 0.053466796875 0.110107421875
6 0.676513671875 0.525390625 0.05517578125 0.11767578125