32 0.46435546875 0.6796875 0.021484375 0.0361328125
27 0.584228515625 0.611572265625 0.0126953125 0.02880859375
1 0.51416015625 0.611572265625 0.01171875 0.026611328125
18 0.485107421875 0.683349609375 0.014404296875 0.0390625
7 0.53125 0.67822265625 0.014404296875 0.034423828125
7 0.541748046875 0.6123046875 0.010009765625 0.033447265625
5 0.572998046875 0.676513671875 0.0166015625 0.03857421875
6 0.593994140625 0.677734375 0.016845703125 0.035400390625
6 0.552734375 0.677734375 0.015625 0.02978515625
1 0.509765625 0.679931640625 0.01611328125 0.033447265625
3 0.500244140625 0.612548828125 0.011962890625 0.027587890625
3 0.570068359375 0.6103515625 0.013671875 0.024658203125
0 0.555908203125 0.612060546875 0.010986328125 0.02587890625