7 0.531494140625 0.680419921875 0.015380859375 0.0361328125
27 0.584716796875 0.612060546875 0.014892578125 0.02294921875
3 0.500244140625 0.610595703125 0.012451171875 0.022216796875
5 0.572265625 0.6787109375 0.013916015625 0.033447265625
6 0.592041015625 0.67529296875 0.018310546875 0.034912109375
1 0.513671875 0.611083984375 0.010009765625 0.032470703125
1 0.51025390625 0.6806640625 0.01416015625 0.033203125
18 0.485107421875 0.680908203125 0.01318359375 0.034423828125
7 0.541748046875 0.610595703125 0.009765625 0.0263671875
0 0.55517578125 0.610595703125 0.01171875 0.025634765625
3 0.569580078125 0.61083984375 0.010986328125 0.0244140625
6 0.5517578125 0.677978515625 0.017333984375 0.031982421875
2 0.52783203125 0.61181640625 0.015625 0.029541015625