8 0.4072265625 0.439453125 0.02685546875 0.04833984375
4 0.472900390625 0.4404296875 0.027099609375 0.050537109375
6 0.506591796875 0.4365234375 0.02587890625 0.046630859375
3 0.38623046875 0.349365234375 0.014892578125 0.04150390625
1 0.459228515625 0.347412109375 0.01513671875 0.04052734375
1 0.322998046875 0.349609375 0.013916015625 0.043212890625
1 0.327392578125 0.395263671875 0.01513671875 0.031982421875
1 0.336669921875 0.441162109375 0.023681640625 0.0380859375
0 0.371337890625 0.44091796875 0.028076171875 0.04541015625
0 0.3642578125 0.348388671875 0.01708984375 0.03955078125
3 0.34375 0.35009765625 0.018310546875 0.03857421875
7 0.40625 0.348876953125 0.017578125 0.042724609375
7 0.479736328125 0.343994140625 0.01416015625 0.04052734375
4 0.427001953125 0.34765625 0.01806640625 0.042236328125
5 0.5390625 0.43310546875 0.02734375 0.047119140625