8 0.407958984375 0.442138671875 0.028564453125 0.053466796875
7 0.406005859375 0.348388671875 0.019287109375 0.04296875
6 0.505859375 0.43505859375 0.022705078125 0.05029296875
7 0.480224609375 0.343017578125 0.017822265625 0.0322265625
5 0.53955078125 0.432373046875 0.0283203125 0.0556640625
0 0.37255859375 0.44189453125 0.02783203125 0.046630859375
4 0.469970703125 0.439697265625 0.029541015625 0.060791015625
3 0.34423828125 0.348876953125 0.01953125 0.042236328125
3 0.3837890625 0.349365234375 0.018310546875 0.03662109375
1 0.328125 0.393798828125 0.017333984375 0.035888671875
1 0.338623046875 0.443115234375 0.022216796875 0.041015625
4 0.427001953125 0.3486328125 0.017578125 0.03515625