9 0.59716796875 0.371826171875 0.022705078125 0.0751953125
3 0.671630859375 0.5205078125 0.026123046875 0.07861328125
0 0.566162109375 0.474365234375 0.02392578125 0.073486328125
1 0.67578125 0.40380859375 0.019287109375 0.07470703125
6 0.621826171875 0.37744140625 0.0263671875 0.074951171875
9 0.649169921875 0.39599609375 0.025390625 0.070556640625
9 0.702392578125 0.41650390625 0.030517578125 0.072998046875
7 0.69970703125 0.529541015625 0.025146484375 0.068115234375
0 0.64306640625 0.512451171875 0.0263671875 0.080810546875
0 0.54736328125 0.350830078125 0.0263671875 0.064697265625
2 0.5908203125 0.489013671875 0.026123046875 0.073974609375
0 0.572509765625 0.362548828125 0.0263671875 0.06884765625