13 0.3544921875 0.581298828125 0.017578125 0.036376953125
32 0.376953125 0.577880859375 0.025390625 0.033447265625
20 0.447509765625 0.572021484375 0.01806640625 0.039794921875
10 0.463623046875 0.572509765625 0.0146484375 0.037841796875
25 0.48046875 0.571044921875 0.01513671875 0.039306640625
17 0.49658203125 0.570556640625 0.018310546875 0.03662109375
15 0.513916015625 0.568603515625 0.014404296875 0.0380859375
21 0.381591796875 0.692626953125 0.01611328125 0.0322265625
24 0.396728515625 0.69287109375 0.0185546875 0.0341796875
10 0.412841796875 0.68994140625 0.01513671875 0.032470703125
13 0.428466796875 0.688720703125 0.01513671875 0.03125
14 0.442626953125 0.686767578125 0.0126953125 0.0263671875
27 0.456787109375 0.6875 0.017333984375 0.027587890625
20 0.518310546875 0.6787109375 0.016845703125 0.027587890625
17 0.552734375 0.67626953125 0.0166015625 0.02734375
10 0.539306640625 0.678466796875 0.014404296875 0.027099609375
8 0.54296875 0.567626953125 0.017822265625 0.03515625
5 0.572509765625 0.563232421875 0.013427734375 0.032958984375
4 0.505126953125 0.679931640625 0.011474609375 0.02490234375
4 0.4150390625 0.578369140625 0.0166015625 0.033447265625
4 0.430908203125 0.576171875 0.015380859375 0.03076171875
6 0.603515625 0.56005859375 0.013916015625 0.034423828125
6 0.55712890625 0.5625 0.013427734375 0.02880859375
8 0.479736328125 0.683349609375 0.013671875 0.0263671875
8 0.39892578125 0.57763671875 0.015869140625 0.035888671875