13 0.35498046875 0.580322265625 0.0205078125 0.03564453125
32 0.3779296875 0.5771484375 0.028564453125 0.036376953125
20 0.44775390625 0.572265625 0.01806640625 0.037353515625
10 0.46435546875 0.571533203125 0.015869140625 0.0341796875
25 0.479736328125 0.569580078125 0.015625 0.0361328125
17 0.497314453125 0.569091796875 0.017578125 0.033447265625
15 0.512939453125 0.56787109375 0.013916015625 0.033447265625
21 0.381103515625 0.693359375 0.0126953125 0.025634765625
24 0.3974609375 0.690673828125 0.016845703125 0.026611328125
10 0.413330078125 0.689697265625 0.013916015625 0.027099609375
10 0.53857421875 0.677978515625 0.01318359375 0.027099609375
13 0.428466796875 0.68798828125 0.0146484375 0.02587890625
14 0.44287109375 0.686279296875 0.012939453125 0.02587890625
27 0.45703125 0.68701171875 0.0166015625 0.02490234375
17 0.5546875 0.675048828125 0.0185546875 0.0224609375
8 0.54248046875 0.566162109375 0.014892578125 0.0390625
4 0.430908203125 0.575927734375 0.015625 0.036376953125
4 0.413818359375 0.575927734375 0.017333984375 0.0322265625
8 0.39794921875 0.5791015625 0.01611328125 0.0390625
6 0.603515625 0.563720703125 0.015380859375 0.038818359375
5 0.572265625 0.564697265625 0.015869140625 0.03564453125
20 0.518310546875 0.679931640625 0.01611328125 0.03173828125
4 0.504638671875 0.680419921875 0.011962890625 0.024169921875
4 0.4931640625 0.6806640625 0.013427734375 0.021484375
6 0.527587890625 0.5673828125 0.01318359375 0.03369140625