13 0.354736328125 0.57958984375 0.018798828125 0.035400390625
32 0.376708984375 0.577392578125 0.02783203125 0.03466796875
20 0.447265625 0.573974609375 0.0146484375 0.032470703125
10 0.463134765625 0.572265625 0.01708984375 0.041748046875
25 0.479736328125 0.569580078125 0.015625 0.03759765625
17 0.496826171875 0.568115234375 0.01806640625 0.03955078125
15 0.51318359375 0.56787109375 0.0146484375 0.038818359375
21 0.381103515625 0.694091796875 0.011474609375 0.02734375
24 0.396728515625 0.6923828125 0.017822265625 0.027587890625
10 0.41259765625 0.691650390625 0.014892578125 0.02587890625
13 0.4287109375 0.688720703125 0.013916015625 0.027099609375
14 0.44140625 0.6875 0.012451171875 0.030517578125
27 0.45654296875 0.6845703125 0.016357421875 0.024658203125
20 0.51806640625 0.679443359375 0.0126953125 0.024658203125
10 0.53857421875 0.67578125 0.0126953125 0.029296875
17 0.554443359375 0.6767578125 0.01806640625 0.027587890625
8 0.54248046875 0.56591796875 0.0146484375 0.034912109375
4 0.415283203125 0.576171875 0.014892578125 0.033203125
5 0.57177734375 0.5634765625 0.011962890625 0.0361328125
8 0.478515625 0.682373046875 0.01220703125 0.02392578125
6 0.603759765625 0.56201171875 0.015380859375 0.0322265625
0 0.5869140625 0.5615234375 0.01611328125 0.03564453125