12 0.533935546875 0.16650390625 0.028076171875 0.048828125
17 0.4619140625 0.2353515625 0.023681640625 0.0556640625
3 0.434326171875 0.1533203125 0.02587890625 0.045166015625
1 0.652587890625 0.453369140625 0.017333984375 0.05224609375
2 0.579345703125 0.441162109375 0.0244140625 0.05419921875
5 0.585693359375 0.255859375 0.02197265625 0.046142578125
5 0.52734375 0.439697265625 0.027587890625 0.046875
0 0.552978515625 0.440673828125 0.022705078125 0.04052734375
8 0.62890625 0.4501953125 0.020751953125 0.043701171875
8 0.6083984375 0.255615234375 0.021240234375 0.040771484375
9 0.60498046875 0.450439453125 0.02197265625 0.05029296875
4 0.458740234375 0.157958984375 0.018310546875 0.043701171875
6 0.508544921875 0.1650390625 0.017578125 0.04736328125
2 0.485595703125 0.23876953125 0.021484375 0.04541015625
1 0.55810546875 0.24853515625 0.013916015625 0.04248046875