3 0.432373046875 0.1533203125 0.020751953125 0.05224609375
12 0.53466796875 0.168701171875 0.02587890625 0.046630859375
2 0.485595703125 0.23876953125 0.022216796875 0.05078125
17 0.462158203125 0.23583984375 0.022705078125 0.0537109375
1 0.558837890625 0.249267578125 0.014892578125 0.048095703125
5 0.584228515625 0.258056640625 0.023193359375 0.048828125
8 0.62939453125 0.45166015625 0.016357421875 0.04736328125
9 0.60400390625 0.44677734375 0.020751953125 0.050048828125
0 0.55419921875 0.4423828125 0.021728515625 0.051513671875
5 0.5244140625 0.438232421875 0.021240234375 0.051513671875
6 0.51025390625 0.16552734375 0.020751953125 0.052978515625
4 0.460693359375 0.15966796875 0.022216796875 0.047607421875
8 0.607666015625 0.25927734375 0.02734375 0.0537109375