17 0.4619140625 0.237548828125 0.0234375 0.05859375
12 0.534423828125 0.168212890625 0.02294921875 0.050537109375
1 0.5595703125 0.250732421875 0.012451171875 0.051025390625
9 0.603271484375 0.4501953125 0.022216796875 0.044189453125
3 0.43212890625 0.153564453125 0.02587890625 0.048828125
4 0.45849609375 0.156494140625 0.02587890625 0.059814453125
0 0.4833984375 0.160888671875 0.02099609375 0.05517578125
6 0.50927734375 0.161376953125 0.0234375 0.056884765625
2 0.48388671875 0.2392578125 0.0205078125 0.0556640625
0 0.512939453125 0.241943359375 0.024169921875 0.05126953125
5 0.584228515625 0.257080078125 0.0244140625 0.046875
8 0.608642578125 0.2578125 0.022705078125 0.047119140625
8 0.629638671875 0.45361328125 0.021240234375 0.051025390625
1 0.65234375 0.451904296875 0.0185546875 0.046630859375
1 0.501953125 0.431884765625 0.012939453125 0.051025390625
5 0.526123046875 0.435791015625 0.025390625 0.0576171875
0 0.536865234375 0.247802734375 0.02490234375 0.052001953125
2 0.580078125 0.446533203125 0.02099609375 0.052490234375