17 0.462158203125 0.232666015625 0.025634765625 0.056884765625
12 0.5341796875 0.169677734375 0.025634765625 0.048583984375
5 0.585205078125 0.256591796875 0.024169921875 0.050537109375
5 0.5234375 0.438720703125 0.018310546875 0.048583984375
9 0.603515625 0.449462890625 0.018798828125 0.041259765625
8 0.62841796875 0.451171875 0.0205078125 0.046630859375
1 0.653076171875 0.451171875 0.0107421875 0.049560546875
4 0.459228515625 0.157958984375 0.023193359375 0.05029296875
0 0.4853515625 0.163818359375 0.025390625 0.052734375
6 0.510498046875 0.163818359375 0.02001953125 0.044921875
3 0.432373046875 0.155029296875 0.027099609375 0.046142578125
2 0.487548828125 0.237548828125 0.022216796875 0.049560546875
1 0.559814453125 0.24755859375 0.016357421875 0.051025390625
2 0.58056640625 0.443603515625 0.02001953125 0.045654296875
1 0.502685546875 0.434326171875 0.01708984375 0.043701171875