0 0.367484809375 0.8286123890624999 0.3622175421875 0.8958470078125 0.4271969578125 0.9065140218750001 0.437839225 0.848903840625 0.367484809375 0.8286123890624999
0 0.47606580468750004 0.8449849625000001 0.46115323124999996 0.9125031609375001 0.5304436781249999 0.924440921875 0.5419318625 0.8626133843750001 0.47606580468750004 0.8449849625000001
0 0.563937559375 0.8507864421875 0.5738272078125 0.9175754359375 0.74326835 0.9014137906249999 0.7468437812500001 0.8426138828124999 0.563937559375 0.8507864421875
0 0.8095730906249999 0.8030372343750001 0.7494222578125 0.8411405796875 0.77886474375 0.88576226875 0.8331603062499999 0.8470635906249999 0.8095730906249999 0.8030372343750001
0 0.3967728109375 0.97169328125 0.3969238515625 0.9185840328125 0.274441671875 0.869080284375 0.248069784375 0.9117804859374999 0.3967728109375 0.97169328125
0 0.39914181875 1 0.4033483859375 0.979884925 0.3316160703125 0.9596339859375 0.3227486734375 1 0.39914181875 1
0 0.3145928390625 1 0.3285056109375 0.9569304437499999 0.2460232921875 0.917430634375 0.2320525171875 0.95976623125 0.2969173359375 1 0.3145928390625 1
0 0.7342116734374999 1 0.7397336421875 0.9713924609375001 0.4301971 0.9735055734375001 0.428219990625 1 0.7342116734374999 1
0 0.42585978124999996 0.9177332968749999 0.41588610312499996 0.9697338421874999 0.4548627203125 0.9825628515625 0.47639159218750005 0.9344150593749999 0.42585978124999996 0.9177332968749999
0 0.49568221250000005 0.9338479015625 0.49962415312499997 0.9756568546875 0.60989698125 0.98359471875 0.6052050062500001 0.9250378781249999 0.49568221250000005 0.9338479015625
0 0.6212078390625 0.9203749 0.6296788640625001 0.9760256421875001 0.805082146875 0.9415212703125 0.7855879125 0.8861946156249999 0.6212078390625 0.9203749
0 0.7874570765625 0.8791521859375001 0.81553265 0.925841575 0.8768433343750001 0.8751266765624999 0.8546340203125 0.8310598062500001 0.7874570765625 0.8791521859375001
0 0.7991284515625 1 0.7875240859375 0.9448324796875 0.751916703125 0.9584568156250001 0.753288425 1 0.7991284515625 1