0 0.3397761299243254 0.15202418081619873 0.6638210553606577 0.30404836163239746
0 0.21075318030488618 0.31478984763454104 0.34950920456235507 0.20361558096192
0 0.5776462030422993 0.18162887830501848 0.25161553262324465 0.17184142105489242
0 0.5946015982896637 0.28171635961558505 0.2658053666156334 0.17594976684784802
0 0.14733798463977976 0.4563324914500252 0.16991986364988404 0.15522236758448216
0 0.29909680281483775 0.5173906877275135 0.42233920950527093 0.23207907057035976
0 0.33917136308123036 0.623651759383154 0.45961371642535315 0.2674045653745797
0 0.2350847464655968 0.7882930496120124 0.17904019566510648 0.14962793144645267
0 0.268223557226281 0.8927020441641307 0.16191636266130088 0.14998856436617344
0 0.673603418404707 0.7327000693867267 0.3036237015966055 0.18638452229572966
0 0.6870040266173836 0.6141303858465872 0.20429486364988403 0.15762610174504027
0 0.6570538828528938 0.5079403700071452 0.24887253460041112 0.1809978997675689