0 0.3057833390625 0.7144464734375 0.2804672390625 0.777842975 0.34136325 0.8013044109375 0.3691003671875 0.7482311125 0.3057833390625 0.7144464734375
0 0.40797549999999994 0.752258328125 0.3730615015625 0.8139624624999999 0.4378291328125 0.839520328125 0.46766267656249993 0.7825754093749999 0.40797549999999994 0.752258328125
0 0.4929059984375 0.77571641875 0.4826723125 0.8417723562500001 0.6546263875 0.8607824296875 0.675749628125 0.8051291671874999 0.4929059984375 0.77571641875
0 0.749462634375 0.7799552765625 0.678733653125 0.8042415734375 0.694418590625 0.8530239375 0.7595507640625 0.8269743609375 0.749462634375 0.7799552765625
0 0.2918503703125 0.8576068515624999 0.30789315781250004 0.8067128 0.20190550625 0.7343014906249999 0.163116540625 0.769874709375 0.2918503703125 0.8576068515624999
0 0.2688724671875 0.915760603125 0.295884284375 0.866800690625 0.23119612968749997 0.832774284375 0.206522509375 0.8764914515625 0.2688724671875 0.915760603125
0 0.1966828421875 0.8761702109374999 0.22893740624999998 0.82954849375 0.159407215625 0.7748756890624999 0.13295840781249998 0.8126248078125 0.1966828421875 0.8761702109374999
0 0.3242739234375 0.8661515140624999 0.3012960203125 0.9243052671875001 0.525759209375 0.96812509375 0.611582040625 0.9621237765625 0.6301978828125 0.9271629562499999 0.3242739234375 0.8661515140624999
0 0.336686859375 0.8117899062499999 0.31128793906249996 0.8596204593750001 0.3458907390625 0.879859453125 0.3815333875 0.8380764203125001 0.336686859375 0.8117899062499999
0 0.4007291890625 0.8414611578125 0.39210505156250003 0.8823532484375001 0.49849006874999996 0.9124218671875 0.5113865390625 0.8553180015624999 0.4007291890625 0.8414611578125
0 0.5285653828125 0.8541058203125 0.5202658328124999 0.9091927265624999 0.7035896484374999 0.91182873125 0.7009201703125 0.8548076874999999 0.5285653828125 0.8541058203125
0 0.7048712640625 0.8484355796875 0.718589240625 0.8989222218749999 0.794236384375 0.8627793046875001 0.7855193859375 0.8160019859375 0.7048712640625 0.8484355796875
0 0.646085071875 0.91724046875 0.63412351875 0.9605475234374999 0.68108071875 0.9572639562499999 0.68528144375 0.9114280203125 0.646085071875 0.91724046875