0 0.3262495103359163 0.3726058080632081 0.3558051187523077 0.22245663935036716
0 0.5219415445736425 0.3123262229486183 0.06321949568106326 0.08605717194503919
0 0.6446406015624999 0.298969415625 0.6190297250000001 0.1511097140625 0.5528672859375 0.20288915156249998 0.575038040625 0.36036456562499997 0.57478284375 0.37298006093749997 0.6446406015624999 0.298969415625
0 0.782775065625 0 0.6399518359374999 0.13465848593750002 0.684091671875 0.27907925625 0.8555071265624999 0.0982428171875 0.82259724375 0 0.782775065625 0
0 0.0324194015625 0.45030065468749997 0.0267527 0.6201244265625 0.3072908171875 0.6955339546875 0.3055847203125 0.5091240828125 0.0324194015625 0.45030065468749997
0 0.3297179359375 0.5495311968750001 0.3395802671875 0.6536321593750001 0.3775179921875 0.648386453125 0.361030615625 0.5509014234375 0.3297179359375 0.5495311968750001
0 0.386158440625 0.4869879984375 0.398774421875 0.635464075 0.54835226875 0.5915437421874999 0.5307477234375 0.44399353281250004 0.386158440625 0.4869879984375
0 0.57393755 0.5401135453125 0.6024436421875 0.53482288125 0.5920709140625 0.45595290468750005 0.5579427265625 0.47844604375 0.57393755 0.5401135453125
0 0.60101891875 0.389656075 0.645783365625 0.548324490625 0.8264281984374999 0.3424342890625 0.787901540625 0.21133530781249998 0.60101891875 0.389656075
0 0.7946146281249999 0.190339453125 0.8478958046875 0.324086371875 0.916090903125 0.201907234375 0.8677542718750001 0.07442440624999999 0.7946146281249999 0.190339453125
0 0.024060328125 0.6529421765625 0.0123140734375 0.8274851921874999 0.27470157031250003 0.902672540625 0.28858578281249997 0.727732721875 0.024060328125 0.6529421765625
0 0.31613235781250004 0.8500968984374999 0.3373447671875 0.8443644765625 0.34407569374999997 0.7623201046875 0.305759634375 0.771226925 0.31613235781250004 0.8500968984374999
0 0.372432465625 0.694216496875 0.38043821875 0.8399573281249999 0.4403712015625 0.8755155312499999 0.4349697828125 0.711336871875 0.372432465625 0.694216496875
0 0.448554196875 0.7016338484375 0.47238761250000005 0.907277753125 0.6894038890624999 0.748500509375 0.6571328624999999 0.5839224453125 0.448554196875 0.7016338484375
0 0.9089114390624999 0.24094411875000002 0.758549575 0.529190790625 0.799794784375 0.6813305828125 0.9464173078125 0.4225050796875 0.9089114390624999 0.24094411875000002
0 0.7181716903193044 0.620873194181377 0.05873225478036197 0.08904577962517131