0 0.33080869552118364 0.3583710022763116 0.3497043411013786 0.21252154052775935
0 0.5292351238655431 0.30474292638807937 0.060369053470410175 0.08379711124870504
0 0.651441178125 0.295799534375 0.634654815625 0.1465534234375 0.565907934375 0.1961874734375 0.57871466875 0.35496067187499997 0.577722990625 0.367609003125 0.651441178125 0.295799534375
0 0.8069194906250001 0 0.6563987140624999 0.1307803625 0.6917905156249999 0.277224990625 0.8726335984375 0.10179230312500001 0.8451343265625001 0 0.8069194906250001 0
0 0.0344867078125 0.4261934515625 0.0189208390625 0.5963811 0.29315752968750003 0.6818640406250001 0.302370784375 0.4947771953125 0.0344867078125 0.4261934515625
0 0.323977075 0.5361631859375 0.3276814859375 0.6409541953125 0.365670740625 0.6370195984375 0.354998753125 0.5386344390625 0.323977075 0.5361631859375
0 0.38369732343749996 0.4753892984375 0.3875402140625 0.624798778125 0.53868100625 0.585970846875 0.529828959375 0.4373156140625 0.38369732343749996 0.4753892984375
0 0.567103490625 0.5352662890625 0.5957272421875001 0.530956315625 0.5900394671875 0.4514619640625 0.554824859375 0.4728345 0.567103490625 0.5352662890625
0 0.602806615625 0.385258953125 0.6379851171875 0.546020278125 0.8294614703125 0.345774059375 0.7988655265625 0.21289188593750002 0.602806615625 0.385258953125
0 0.8067619968749999 0.1920615859375 0.8518581781250001 0.328117128125 0.92674350625 0.207921453125 0.8861920328125 0.0783238890625 0.8067619968749999 0.1920615859375
0 0 0.80641791875 0.2486668875 0.8885472984374999 0.27269430625 0.7135144171875 0.0143262484375 0.629213234375 0 0.7436035734375 0 0.80641791875
0 0.29289521875 0.8372483703125001 0.3143002453125 0.8322397718750001 0.3257867203125 0.7501594375 0.287207446875 0.7577540203125 0.29289521875 0.8372483703125001
0 0.3579376875 0.6828233109374999 0.35736144375 0.8293270500000001 0.41481020625 0.867101690625 0.41905214687500003 0.70219026875 0.3579376875 0.6828233109374999
0 0.4331128765625 0.6929308078124999 0.44475247656250005 0.9000902125 0.6695985578125 0.7483865828125 0.6471751671875 0.58213353125 0.4331128765625 0.6929308078124999
0 0.9173281187500001 0.24683618906250002 0.7511117140625 0.530772003125 0.7831766953125 0.6848598515625001 0.943957340625 0.4303116828125 0.9173281187500001 0.24683618906250002
0 0.7056730296620712 0.6212454139820827 0.05600933540139543 0.08826628742738744