0 0.38676734375 0.8183534046875 0.3882311625 0.8864357296875 0.45329447187499994 0.8842434828125001 0.458077553125 0.8246969046875 0.38676734375 0.8183534046875
0 0.49534485781250004 0.8132422234375 0.48733563437500005 0.8835115734375 0.5567712515625 0.8817353203125 0.5619703265625 0.8178164359375 0.49534485781250004 0.8132422234375
0 0.5824768296875 0.8016787578125 0.598826859375 0.866324328125 0.7641355796875 0.8167564234375 0.76183976875 0.7574187140624999 0.5824768296875 0.8016787578125
0 0.8197154015624999 0.70557066875 0.764233921875 0.755440559375 0.7976511703125 0.7941219140625 0.8473060203125 0.7448143875000001 0.8197154015624999 0.70557066875
0 0.42977417500000004 0.955243 0.42466821718750003 0.902255753125 0.29911929531250003 0.8770749546875001 0.27736654375 0.9248596453125 0.42977417500000004 0.955243
0 0.43315599374999997 1 0.43706193437499996 0.962113021875 0.3643984359375 0.9560819546875001 0.3594411609375 1 0.43315599374999997 1
0 0.3515602640625 1 0.3610669875 0.9540002359375 0.2759096890625 0.9308976765624999 0.26633656562499997 0.9758704765624999 0.3263019546875 1 0.3515602640625 1
0 0.5249428140625 1 0.762066046875 0.9497984953125 0.76757755625 0.8872329015625 0.46287804218749995 0.9504512140625 0.46412348750000004 1 0.5249428140625 1
0 0.45308734531250006 0.8956946796875 0.448407828125 0.949515659375 0.4880710265625 0.9546129125 0.5045141734375 0.9023523515624999 0.45308734531250006 0.8956946796875
0 0.5234602578125 0.8979783031249999 0.5314799265625 0.9388894875 0.6408894296875001 0.9250336953125 0.6304738703125 0.867570575 0.5234602578125 0.8979783031249999
0 0.645776075 0.8597615171875 0.659626646875 0.9135807546875 0.828993503125 0.8445454640625 0.8043165953125 0.79322568125 0.645776075 0.8597615171875
0 0.8054610203125 0.785834359375 0.8377363765625001 0.82684736875 0.8931125515625 0.7641729875000001 0.8668752281250001 0.724616834375 0.8054610203125 0.785834359375
0 0.7860075640625 0.9300169374999999 0.832435478125 0.9150219406250001 0.812025575 0.8513136640625 0.7782985859375 0.8719289546875 0.7860075640625 0.9300169374999999