0 0.40193871551297516 0.1493770681845143 0.6623782485296619 0.1879628392812421
0 0.26617603516439337 0.28937259699847045 0.3415810696514182 0.14333653733537277
0 0.6374059040021575 0.225809334419864 0.2441328595655099 0.1307080779204517
0 0.6491013998182859 0.32960649026406263 0.2581953595655099 0.13095353977100474
0 0.196328281885033 0.4188340004070371 0.15827724672063964 0.13077053327818292
0 0.34416931761525327 0.509307221593081 0.41723616689245624 0.15714566720498907
0 0.3790533299397251 0.6228651611224997 0.45160452283992153 0.18740591152294622
0 0.26857725463409743 0.7678930633132504 0.1687234237898611 0.1215864480508353
0 0.2954849926483098 0.8784623705374207 0.15021908525525038 0.1259466655834313
0 0.7063981592020817 0.7962212459461055 0.2958591338757694 0.13473310470581304
0 0.72533850972248 0.6801598693229001 0.19544969810012064 0.1251750982129911
0 0.7007335781307028 0.5687684017903042 0.23837418249628844 0.13997398376465037