0 0.49732377908036945 0.15749510770403186 0.6687023102974647 0.2634871912766286
0 0.3133667370575819 0.2379663137871489 0.3505445735222315 0.18220738710812653
0 0.6832095292215439 0.3127257886442234 0.25239549985882553 0.15694943756361351
0 0.6507771898437096 0.41257945570459886 0.2665490051204976 0.15900301088459123
0 0.19591465557225538 0.3325025090704927 0.1691279735504664 0.14624506134007814
0 0.29447471096098415 0.4682440908289909 0.42516514192396554 0.2050843811176767
0 0.2805270610739236 0.586748554168502 0.46136024715740265 0.23753478256895555
0 0.1177169769577612 0.680483652084251 0.17961044724210717 0.13881450725639405
0 0.097928850748224 0.7917386106144388 0.160951452503779 0.13972224282842377
0 0.5117946586972015 0.8633383691367772 0.30450403142885674 0.16812503974053178
0 0.5771305033367076 0.7630680398253498 0.20488346302712265 0.14437502649368775
0 0.6008703821770808 0.6511682405509892 0.24816302616718494 0.16459824645662097