0 0.3598546129013348 0.39410750654110355 0.3626242402800903 0.23954533079291399
0 0.5432621182780183 0.32192745863108924 0.06806510339082213 0.08631020472226432
0 0.6627652515625 0.300853984375 0.6080061125 0.15588090937500002 0.552210315625 0.21146533750000002 0.6054357359375 0.36619366875 0.607672659375 0.3787193 0.6627652515625 0.300853984375
0 0.7379427140625 0 0.6256347703125 0.138227109375 0.6982044328125 0.2786025109375 0.8335413796875001 0.08830109375 0.7851379890625 0 0.7379427140625 0
0 0.0817288375 0.490154025 0.109614578125 0.6589111046875 0.4044520234375 0.7157033578124999 0.36593332031250003 0.5309724250000001 0.0817288375 0.490154025
0 0.3979958875 0.5694923828125 0.428397421875 0.6720846421875 0.4652187609375 0.6644513187500001 0.4295128703125 0.5688439484375001 0.3979958875 0.5694923828125
0 0.44196448281249995 0.5038579984375 0.48387798281250005 0.6502752234375 0.624464703125 0.5971368499999999 0.577756065625 0.4519574609375 0.44196448281249995 0.5038579984375
0 0.639838259375 0.544499696875 0.6672390609375001 0.53742635625 0.64131136875 0.45988535312499995 0.611697890625 0.48437669687499996 0.639838259375 0.544499696875
0 0.6371467015625 0.393573184375 0.7131535828125 0.5480362328124999 0.8527522078124999 0.3323004078125 0.7884149109374999 0.20477481874999998 0.6371467015625 0.393573184375
0 0.7909670671875 0.183525446875 0.8705506062499999 0.31273091875 0.9144707171875 0.1872092671875 0.8410584171875 0.0638982 0.7909670671875 0.183525446875
0 0.11340946249999999 0.691625109375 0.13616058281250001 0.8654513937500001 0.41284196875 0.9231867796875 0.39214590625 0.7488299921875 0.11340946249999999 0.691625109375
0 0.44380124218750006 0.8683981390625 0.46383656562500003 0.86135428125 0.454349353125 0.7795692765625 0.4178735546875 0.7908571375 0.44380124218750006 0.8683981390625
0 0.4691955046875 0.7102214515624999 0.5059683265625 0.8542219765624999 0.572797171875 0.8856391109375 0.534981671875 0.7231890671875 0.4691955046875 0.7102214515624999
0 0.5466209531249999 0.7126969921875 0.6110188609375 0.915081659375 0.7962167734375 0.7437307109375 0.7315096875 0.582606953125 0.5466209531249999 0.7126969921875
0 0.9150162999999999 0.22637766093749997 0.821902028125 0.5218353921875 0.8931077109375 0.67005036875 0.9883012843750001 0.40400576875 0.9150162999999999 0.22637766093749997
0 0.7992040190210254 0.6158309529737485 0.06515842721213971 0.0909795240041051