27 0.521728515625 0.20361328125 0.049072265625 0.049560546875
29 0.567626953125 0.20068359375 0.0390625 0.0498046875
12 0.61376953125 0.203125 0.050048828125 0.048828125
27 0.158447265625 0.20458984375 0.0478515625 0.048583984375
26 0.10986328125 0.203125 0.048583984375 0.0517578125
30 0.201904296875 0.202392578125 0.051513671875 0.05029296875
26 0.33251953125 0.19921875 0.051513671875 0.052734375
23 0.383056640625 0.203125 0.048828125 0.0517578125
4 0.370849609375 0.46826171875 0.045166015625 0.054931640625
3 0.2705078125 0.597412109375 0.0478515625 0.053466796875
8 0.364013671875 0.534912109375 0.043212890625 0.049072265625
9 0.6640625 0.473388671875 0.049072265625 0.04345703125
5 0.618408203125 0.535400390625 0.050048828125 0.046142578125
1 0.70068359375 0.5390625 0.042236328125 0.05419921875
3 0.264404296875 0.595458984375 0.046142578125 0.048583984375
2 0.311279296875 0.59814453125 0.044921875 0.046630859375
2 0.322021484375 0.53271484375 0.048583984375 0.050537109375
5 0.270751953125 0.470947265625 0.060546875 0.052978515625
6 0.15283203125 0.384033203125 0.04638671875 0.0478515625
0 0.201904296875 0.38427734375 0.055419921875 0.0439453125
6 0.2421875 0.291015625 0.045166015625 0.046142578125
7 0.10595703125 0.288330078125 0.044921875 0.042724609375
6 0.250732421875 0.204833984375 0.041259765625 0.0478515625
1 0.4267578125 0.20654296875 0.034423828125 0.057861328125
4 0.72998046875 0.299072265625 0.0576171875 0.0498046875
9 0.47314453125 0.2919921875 0.042724609375 0.051513671875