26 0.112060546875 0.207763671875 0.04736328125 0.0498046875
26 0.332763671875 0.20068359375 0.043212890625 0.04931640625
23 0.3818359375 0.2041015625 0.0439453125 0.0478515625
30 0.206298828125 0.205078125 0.047119140625 0.049072265625
27 0.52197265625 0.203857421875 0.046875 0.04638671875
27 0.160400390625 0.2080078125 0.04052734375 0.05029296875
29 0.567626953125 0.2041015625 0.041015625 0.0478515625
12 0.614501953125 0.20556640625 0.043212890625 0.05224609375
6 0.156494140625 0.3818359375 0.040283203125 0.04931640625
1 0.7021484375 0.538818359375 0.03564453125 0.05224609375
5 0.543701171875 0.39013671875 0.04248046875 0.056884765625
5 0.496337890625 0.38916015625 0.051513671875 0.051025390625
5 0.6181640625 0.537109375 0.049072265625 0.0517578125
8 0.3642578125 0.53564453125 0.036865234375 0.047607421875
6 0.244384765625 0.294189453125 0.04638671875 0.059814453125
1 0.291259765625 0.29248046875 0.031494140625 0.061279296875
0 0.378173828125 0.2939453125 0.044189453125 0.055419921875
7 0.116455078125 0.2900390625 0.04150390625 0.05224609375
8 0.198974609375 0.294189453125 0.046142578125 0.05078125
26 0.3349609375 0.201904296875 0.04345703125 0.0517578125
6 0.4736328125 0.204345703125 0.044677734375 0.0517578125
6 0.247314453125 0.2021484375 0.033935546875 0.04736328125
0 0.289794921875 0.202880859375 0.0400390625 0.043701171875
2 0.322265625 0.533203125 0.043212890625 0.04638671875
5 0.272216796875 0.4677734375 0.050048828125 0.0537109375
26 0.608154296875 0.474365234375 0.040771484375 0.04931640625
2 0.316162109375 0.599365234375 0.04248046875 0.04833984375
3 0.263671875 0.597900390625 0.048095703125 0.051513671875
4 0.732421875 0.30126953125 0.06982421875 0.047119140625
9 0.47265625 0.29638671875 0.037353515625 0.05029296875
1 0.521484375 0.295654296875 0.033203125 0.047119140625