26 0.11279296875 0.20947265625 0.0517578125 0.050048828125
26 0.333251953125 0.203857421875 0.04296875 0.052490234375
27 0.521240234375 0.202880859375 0.045166015625 0.045166015625
29 0.569580078125 0.2021484375 0.04052734375 0.0478515625
12 0.615478515625 0.20458984375 0.049560546875 0.048583984375
30 0.203369140625 0.205322265625 0.050537109375 0.05029296875
7 0.110595703125 0.29248046875 0.0361328125 0.05322265625
1 0.4287109375 0.2060546875 0.031982421875 0.060546875
1 0.5244140625 0.301025390625 0.0439453125 0.0673828125
5 0.5458984375 0.388427734375 0.043212890625 0.054443359375
5 0.49853515625 0.3876953125 0.0458984375 0.053955078125
9 0.66162109375 0.475830078125 0.05517578125 0.046630859375
1 0.60986328125 0.474609375 0.04052734375 0.050537109375
1 0.696533203125 0.539794921875 0.0380859375 0.053955078125
5 0.61328125 0.53564453125 0.0458984375 0.057861328125
8 0.36474609375 0.535888671875 0.043212890625 0.05126953125
2 0.3173828125 0.5341796875 0.04736328125 0.04833984375
3 0.26611328125 0.595703125 0.044189453125 0.04736328125
6 0.153564453125 0.384033203125 0.043701171875 0.052001953125
0 0.20263671875 0.383056640625 0.05517578125 0.048583984375
0 0.156005859375 0.293701171875 0.046875 0.0556640625
6 0.197998046875 0.29248046875 0.0439453125 0.05712890625
6 0.24462890625 0.29443359375 0.046630859375 0.0556640625
1 0.2890625 0.2919921875 0.034423828125 0.054931640625
0 0.380126953125 0.29296875 0.0458984375 0.052978515625
9 0.473388671875 0.2939453125 0.051513671875 0.05224609375
4 0.7333984375 0.299072265625 0.052490234375 0.054443359375
6 0.251708984375 0.205322265625 0.045166015625 0.054931640625
27 0.157470703125 0.205078125 0.046630859375 0.048095703125
23 0.382568359375 0.202880859375 0.05078125 0.0595703125
6 0.474853515625 0.2041015625 0.04736328125 0.05126953125
0 0.332763671875 0.294677734375 0.046875 0.05224609375
4 0.366943359375 0.469970703125 0.04931640625 0.04541015625
5 0.270751953125 0.4677734375 0.056884765625 0.048828125
1 0.27294921875 0.53662109375 0.028564453125 0.046875
0 0.409912109375 0.53369140625 0.0498046875 0.048828125