4 0.46044921875 0.562744140625 0.021240234375 0.04345703125
9 0.671630859375 0.645751953125 0.0234375 0.044921875
1 0.390625 0.565673828125 0.01123046875 0.0478515625
1 0.523681640625 0.563720703125 0.02001953125 0.052734375
5 0.5517578125 0.562255859375 0.025634765625 0.050048828125
9 0.582275390625 0.5625 0.02587890625 0.047119140625
4 0.43603515625 0.565185546875 0.021728515625 0.04443359375
0 0.412841796875 0.563720703125 0.021728515625 0.04638671875
0 0.615234375 0.648193359375 0.023193359375 0.044677734375
0 0.58544921875 0.649658203125 0.023193359375 0.0498046875
6 0.641845703125 0.645751953125 0.02294921875 0.052001953125
7 0.69921875 0.64306640625 0.0263671875 0.05224609375