15 0.475830078125 0.42919921875 0.010009765625 0.025390625
25 0.4365234375 0.427001953125 0.010986328125 0.025634765625
10 0.425537109375 0.426513671875 0.0126953125 0.0244140625
1 0.634765625 0.473388671875 0.009765625 0.023193359375
5 0.549072265625 0.472900390625 0.0107421875 0.027099609375
5 0.536865234375 0.47412109375 0.010498046875 0.028076171875
29 0.561767578125 0.472412109375 0.01025390625 0.0224609375
7 0.658203125 0.473388671875 0.00927734375 0.022216796875
6 0.447021484375 0.42822265625 0.009521484375 0.02392578125
10 0.47314453125 0.47265625 0.011962890625 0.027099609375
10 0.4990234375 0.474365234375 0.011962890625 0.025390625
25 0.51220703125 0.474609375 0.010498046875 0.026123046875
6 0.524169921875 0.473388671875 0.010986328125 0.02880859375
7 0.58642578125 0.4736328125 0.009521484375 0.02685546875
9 0.60009765625 0.474853515625 0.0107421875 0.026611328125