10 0.259765625 0.38720703125 0.031005859375 0.056884765625
11 0.400146484375 0.39599609375 0.032958984375 0.05859375
9 0.33203125 0.295166015625 0.02197265625 0.055419921875
9 0.424072265625 0.29931640625 0.0283203125 0.0556640625
9 0.3408203125 0.392822265625 0.026611328125 0.0517578125
7 0.443603515625 0.49072265625 0.02587890625 0.05029296875
8 0.478759765625 0.574951171875 0.023193359375 0.055419921875
8 0.45458984375 0.66259765625 0.02587890625 0.052734375
8 0.32470703125 0.656494140625 0.0283203125 0.050537109375
8 0.29736328125 0.653076171875 0.02880859375 0.04931640625
8 0.316162109375 0.48388671875 0.029296875 0.04931640625
7 0.48193359375 0.30126953125 0.0224609375 0.05224609375
4 0.2919921875 0.38818359375 0.030517578125 0.051025390625
5 0.370849609375 0.3935546875 0.027587890625 0.054931640625
0 0.487060546875 0.3974609375 0.0283203125 0.05712890625
6 0.572265625 0.401611328125 0.032958984375 0.05419921875
3 0.502197265625 0.49755859375 0.0302734375 0.050048828125
3 0.259521484375 0.481201171875 0.02734375 0.0498046875
3 0.310546875 0.564453125 0.029541015625 0.052734375
6 0.482177734375 0.663330078125 0.029052734375 0.055908203125
1 0.271728515625 0.653564453125 0.017578125 0.052978515625
6 0.281494140625 0.5615234375 0.025634765625 0.052734375
0 0.2392578125 0.564697265625 0.029052734375 0.0556640625
1 0.314453125 0.390869140625 0.0166015625 0.059326171875
2 0.47216796875 0.49267578125 0.022705078125 0.06005859375