21 0.423828125 0.34521484375 0.023193359375 0.063232421875
17 0.447509765625 0.35009765625 0.0224609375 0.062744140625
33 0.492919921875 0.366455078125 0.0205078125 0.062744140625
5 0.564208984375 0.385009765625 0.022216796875 0.06591796875
8 0.470703125 0.359375 0.01904296875 0.0654296875
8 0.402099609375 0.33544921875 0.02001953125 0.060546875
3 0.338134765625 0.315673828125 0.018798828125 0.05859375
6 0.614013671875 0.399169921875 0.0224609375 0.06201171875
5 0.53955078125 0.377685546875 0.01904296875 0.0654296875
1 0.37890625 0.33251953125 0.0185546875 0.066162109375
29 0.29541015625 0.3056640625 0.017333984375 0.05078125
10 0.2763671875 0.30029296875 0.01708984375 0.0556640625
12 0.255126953125 0.294677734375 0.01611328125 0.05224609375