10 0.424072265625 0.427734375 0.0107421875 0.028564453125
10 0.47314453125 0.47314453125 0.011474609375 0.02880859375
25 0.5107421875 0.472412109375 0.012451171875 0.028564453125
10 0.498779296875 0.47412109375 0.010986328125 0.027099609375
29 0.486572265625 0.473388671875 0.0126953125 0.0244140625
15 0.475341796875 0.427978515625 0.0087890625 0.0263671875
25 0.435791015625 0.427490234375 0.010986328125 0.0263671875
29 0.56298828125 0.47412109375 0.01025390625 0.024658203125
5 0.455810546875 0.42822265625 0.00927734375 0.0244140625
5 0.4658203125 0.428466796875 0.009033203125 0.025390625
5 0.537353515625 0.473388671875 0.010009765625 0.02685546875
5 0.550048828125 0.47412109375 0.010498046875 0.02734375
4 0.574462890625 0.473388671875 0.009033203125 0.02587890625
7 0.5869140625 0.47265625 0.009033203125 0.024658203125
7 0.65869140625 0.475341796875 0.010986328125 0.024658203125
0 0.646240234375 0.474853515625 0.0107421875 0.02685546875
1 0.634521484375 0.475830078125 0.009765625 0.026123046875
9 0.59814453125 0.47265625 0.01025390625 0.028564453125
0 0.610107421875 0.47412109375 0.010986328125 0.026123046875
6 0.524658203125 0.473388671875 0.009765625 0.028564453125
6 0.44580078125 0.427734375 0.009521484375 0.025634765625
12 0.461669921875 0.473388671875 0.011474609375 0.026611328125