20 0.285400390625 0.175048828125 0.031494140625 0.055419921875
20 0.530029296875 0.29541015625 0.033447265625 0.0673828125
28 0.5947265625 0.30029296875 0.026123046875 0.068603515625
35 0.627685546875 0.300537109375 0.025634765625 0.062744140625
21 0.659912109375 0.302978515625 0.027099609375 0.060791015625
29 0.365478515625 0.28955078125 0.0224609375 0.069091796875
12 0.295654296875 0.2822265625 0.025390625 0.064208984375
1 0.201171875 0.168701171875 0.016357421875 0.05078125
1 0.431396484375 0.290771484375 0.026123046875 0.0732421875
0 0.695068359375 0.300537109375 0.028076171875 0.064208984375
1 0.757080078125 0.30224609375 0.019287109375 0.06787109375
5 0.78857421875 0.30322265625 0.029541015625 0.068359375
4 0.462890625 0.293212890625 0.02490234375 0.06982421875
4 0.219970703125 0.169921875 0.025634765625 0.053466796875
0 0.25390625 0.173095703125 0.03369140625 0.064453125
10 0.33154296875 0.290771484375 0.030517578125 0.06201171875
12 0.562744140625 0.294677734375 0.03076171875 0.071533203125
3 0.821533203125 0.302978515625 0.030029296875 0.073974609375