10 0.423828125 0.427978515625 0.012939453125 0.024658203125
10 0.4736328125 0.474609375 0.008544921875 0.03076171875
10 0.498779296875 0.474609375 0.012939453125 0.027587890625
25 0.435791015625 0.427978515625 0.010498046875 0.028076171875
25 0.51220703125 0.473388671875 0.011474609375 0.0263671875
15 0.476318359375 0.4287109375 0.01025390625 0.025146484375
29 0.56298828125 0.4755859375 0.010498046875 0.028564453125
7 0.658203125 0.474853515625 0.011474609375 0.02587890625
12 0.46142578125 0.47265625 0.01220703125 0.0283203125
29 0.486572265625 0.471435546875 0.0107421875 0.026123046875
6 0.526123046875 0.47314453125 0.01123046875 0.02587890625
5 0.45654296875 0.427978515625 0.009521484375 0.0263671875
9 0.599365234375 0.47509765625 0.010986328125 0.02294921875
4 0.574951171875 0.474365234375 0.0126953125 0.0244140625
1 0.6337890625 0.475830078125 0.006103515625 0.022705078125