10 0.26171875 0.390625 0.030517578125 0.055419921875
11 0.399169921875 0.393310546875 0.029296875 0.05712890625
12 0.429931640625 0.3974609375 0.032470703125 0.06201171875
2 0.50732421875 0.573974609375 0.029052734375 0.053955078125
2 0.513427734375 0.3984375 0.02685546875 0.0546875
8 0.4765625 0.56982421875 0.02734375 0.05126953125
8 0.453369140625 0.66259765625 0.0244140625 0.0498046875
8 0.32666015625 0.6552734375 0.024658203125 0.04931640625
3 0.309814453125 0.56494140625 0.023681640625 0.0517578125
3 0.25830078125 0.48095703125 0.029541015625 0.04833984375
2 0.2861328125 0.485595703125 0.021728515625 0.046142578125
1 0.271240234375 0.65234375 0.017333984375 0.042236328125
2 0.360595703125 0.296142578125 0.02880859375 0.05419921875
2 0.4560546875 0.394775390625 0.02783203125 0.055419921875
7 0.479736328125 0.2998046875 0.023193359375 0.055908203125
9 0.423095703125 0.29931640625 0.02734375 0.0478515625
9 0.3330078125 0.296875 0.028564453125 0.052001953125
1 0.316162109375 0.390380859375 0.01416015625 0.054931640625
6 0.5712890625 0.399658203125 0.0322265625 0.055908203125
0 0.5419921875 0.400390625 0.0283203125 0.052734375
5 0.36962890625 0.393310546875 0.0244140625 0.050537109375
7 0.4462890625 0.49169921875 0.023193359375 0.041015625
3 0.50146484375 0.49853515625 0.02734375 0.045166015625
6 0.280517578125 0.56396484375 0.0244140625 0.05078125
0 0.238525390625 0.562744140625 0.0263671875 0.042724609375