29 0.39111328125 0.47021484375 0.020751953125 0.034423828125
23 0.26904296875 0.4345703125 0.01708984375 0.037841796875
25 0.32275390625 0.484130859375 0.015869140625 0.039306640625
12 0.6025390625 0.383056640625 0.018798828125 0.0419921875
7 0.73193359375 0.360595703125 0.0166015625 0.0390625
25 0.21728515625 0.44482421875 0.01611328125 0.039794921875
3 0.2353515625 0.439697265625 0.014404296875 0.044921875
29 0.28662109375 0.4306640625 0.017578125 0.038330078125
0 0.35791015625 0.4794921875 0.017578125 0.03955078125
3 0.341796875 0.480224609375 0.016357421875 0.0400390625
13 0.30517578125 0.489013671875 0.019287109375 0.036865234375
0 0.195068359375 0.630126953125 0.018798828125 0.030029296875
5 0.18896484375 0.73974609375 0.01708984375 0.039306640625
5 0.194580078125 0.78857421875 0.015869140625 0.038330078125
1 0.1611328125 0.788330078125 0.012451171875 0.0400390625
1 0.154052734375 0.741455078125 0.0166015625 0.040283203125
3 0.146240234375 0.63427734375 0.015380859375 0.038330078125
29 0.62060546875 0.37939453125 0.019287109375 0.04248046875
1 0.63818359375 0.37841796875 0.01904296875 0.036865234375
1 0.71240234375 0.36669921875 0.01025390625 0.041748046875
9 0.75146484375 0.360107421875 0.015869140625 0.0458984375
6 0.791748046875 0.35400390625 0.0185546875 0.041748046875
6 0.772705078125 0.35693359375 0.019287109375 0.042724609375
14 0.676513671875 0.37060546875 0.0205078125 0.040283203125
4 0.658935546875 0.375 0.01806640625 0.042724609375
0 0.784912109375 0.596435546875 0.01953125 0.04736328125
0 0.764892578125 0.59619140625 0.018798828125 0.037841796875
4 0.727783203125 0.602783203125 0.017578125 0.0458984375
0 0.835205078125 0.801025390625 0.0205078125 0.041259765625
5 0.7978515625 0.803955078125 0.016357421875 0.04345703125
1 0.777099609375 0.80615234375 0.016357421875 0.042236328125
0 0.645263671875 0.819091796875 0.0185546875 0.03759765625
33 0.461669921875 0.891357421875 0.02001953125 0.04052734375
33 0.442626953125 0.890625 0.0166015625 0.039306640625
0 0.447265625 0.83837890625 0.019287109375 0.03759765625
5 0.412353515625 0.841064453125 0.01708984375 0.03955078125