13 0.323974609375 0.41015625 0.022705078125 0.0390625
13 0.45751953125 0.485107421875 0.021240234375 0.046142578125
13 0.51416015625 0.482666015625 0.022216796875 0.03857421875
25 0.48486328125 0.484130859375 0.02392578125 0.05322265625
34 0.54052734375 0.48046875 0.021240234375 0.051513671875
9 0.5654296875 0.479736328125 0.02197265625 0.052734375
9 0.681396484375 0.4765625 0.02294921875 0.05029296875
9 0.298828125 0.412353515625 0.02197265625 0.05029296875
9 0.271728515625 0.414794921875 0.025634765625 0.045654296875
10 0.300537109375 0.49169921875 0.0234375 0.052490234375
29 0.326416015625 0.4912109375 0.020751953125 0.0478515625
9 0.405029296875 0.4853515625 0.02197265625 0.04541015625
9 0.43212890625 0.486083984375 0.02392578125 0.05078125
12 0.276611328125 0.4921875 0.018798828125 0.045654296875
3 0.35107421875 0.408203125 0.023193359375 0.04345703125
6 0.7119140625 0.47314453125 0.027587890625 0.052978515625