20 0.2841796875 0.17333984375 0.03271484375 0.057861328125
20 0.528564453125 0.297607421875 0.02880859375 0.061767578125
12 0.563232421875 0.29833984375 0.0224609375 0.06982421875
35 0.62744140625 0.302978515625 0.0244140625 0.06201171875
21 0.66064453125 0.303955078125 0.02294921875 0.0634765625
28 0.5947265625 0.29833984375 0.028076171875 0.06494140625
5 0.787841796875 0.304443359375 0.0234375 0.06640625
4 0.4609375 0.293701171875 0.035400390625 0.063720703125
1 0.428955078125 0.291015625 0.01611328125 0.0625
29 0.3623046875 0.288818359375 0.023681640625 0.064208984375
8 0.55615234375 0.562744140625 0.022216796875 0.0625
8 0.57373046875 0.637451171875 0.021728515625 0.051025390625
9 0.599853515625 0.563720703125 0.01806640625 0.06298828125
5 0.843994140625 0.56982421875 0.019775390625 0.05078125
6 0.801025390625 0.64990234375 0.023681640625 0.05859375
5 0.760986328125 0.645263671875 0.02294921875 0.053955078125
17 0.4697265625 0.55712890625 0.02294921875 0.05859375
4 0.2216796875 0.171142578125 0.029052734375 0.06005859375