13 0.32421875 0.41162109375 0.026611328125 0.04638671875
29 0.327392578125 0.490478515625 0.0263671875 0.05126953125
13 0.46044921875 0.486572265625 0.029052734375 0.04833984375
13 0.51416015625 0.482421875 0.0234375 0.047119140625
34 0.541259765625 0.481201171875 0.025146484375 0.048095703125
9 0.568115234375 0.481201171875 0.027099609375 0.049560546875
0 0.595947265625 0.478271484375 0.02685546875 0.05078125
1 0.622802734375 0.476806640625 0.0205078125 0.056640625
2 0.65185546875 0.475341796875 0.025146484375 0.053466796875
10 0.3017578125 0.491943359375 0.02490234375 0.046875
12 0.27392578125 0.4931640625 0.0263671875 0.04443359375
9 0.43408203125 0.4833984375 0.018798828125 0.052001953125
6 0.709716796875 0.474365234375 0.029541015625 0.0419921875
3 0.351318359375 0.41015625 0.02685546875 0.040771484375
9 0.4072265625 0.4873046875 0.02294921875 0.04931640625