10 0.260986328125 0.38818359375 0.03271484375 0.053466796875
11 0.400390625 0.394775390625 0.0263671875 0.058837890625
12 0.42919921875 0.39208984375 0.028076171875 0.056396484375
1 0.315673828125 0.392822265625 0.01953125 0.056396484375
2 0.3623046875 0.302001953125 0.02685546875 0.06103515625
3 0.501220703125 0.49560546875 0.028076171875 0.053466796875
4 0.291015625 0.390869140625 0.028564453125 0.0556640625
5 0.369873046875 0.392333984375 0.0302734375 0.061767578125
6 0.279296875 0.562744140625 0.0302734375 0.05029296875
7 0.443115234375 0.4921875 0.031494140625 0.052734375
8 0.45361328125 0.664306640625 0.0263671875 0.053466796875
9 0.422607421875 0.298583984375 0.02978515625 0.058837890625
8 0.3134765625 0.484619140625 0.02587890625 0.053466796875
8 0.478759765625 0.57373046875 0.02392578125 0.055419921875
2 0.514404296875 0.39892578125 0.02734375 0.053466796875
6 0.57177734375 0.3994140625 0.0322265625 0.058837890625
7 0.481201171875 0.2998046875 0.02685546875 0.051025390625
9 0.332763671875 0.299560546875 0.030517578125 0.047119140625
8 0.296630859375 0.65380859375 0.02734375 0.043701171875
1 0.269287109375 0.65087890625 0.018798828125 0.04638671875
3 0.31005859375 0.564697265625 0.02783203125 0.0546875
2 0.24755859375 0.653076171875 0.02734375 0.049560546875
6 0.47998046875 0.6650390625 0.023681640625 0.049072265625