23 0.504638671875 0.233154296875 0.0283203125 0.0517578125
8 0.275390625 0.2412109375 0.021484375 0.050048828125
20 0.12744140625 0.326171875 0.0244140625 0.053955078125
34 0.26513671875 0.62939453125 0.02734375 0.04833984375
2 0.72119140625 0.54541015625 0.0302734375 0.058349609375
7 0.1484375 0.24365234375 0.0224609375 0.050537109375
7 0.351318359375 0.23486328125 0.02099609375 0.05517578125
7 0.482421875 0.234375 0.02001953125 0.053955078125
5 0.6103515625 0.231689453125 0.02392578125 0.05322265625
5 0.635498046875 0.23046875 0.026123046875 0.052734375
8 0.20068359375 0.244384765625 0.023193359375 0.0537109375
9 0.1767578125 0.244873046875 0.028076171875 0.056396484375
8 0.07421875 0.252197265625 0.020263671875 0.058349609375
8 0.0771484375 0.3330078125 0.022705078125 0.05712890625
3 0.0498046875 0.249755859375 0.026611328125 0.05322265625
9 0.051513671875 0.3330078125 0.023193359375 0.05712890625
0 0.102783203125 0.331298828125 0.022216796875 0.053955078125
0 0.124755859375 0.25244140625 0.018310546875 0.055419921875
4 0.100341796875 0.251220703125 0.02587890625 0.056396484375
4 0.301025390625 0.2421875 0.0234375 0.05712890625
3 0.251708984375 0.2412109375 0.018798828125 0.06005859375
9 0.377685546875 0.23681640625 0.026611328125 0.052734375
9 0.40478515625 0.23828125 0.02685546875 0.05712890625
3 0.05810546875 0.559814453125 0.0234375 0.051025390625
3 0.13720703125 0.556396484375 0.02880859375 0.045654296875
3 0.1416015625 0.635498046875 0.0263671875 0.047607421875
3 0.0693359375 0.713623046875 0.0224609375 0.049072265625
6 0.31396484375 0.552490234375 0.0224609375 0.05078125
6 0.28857421875 0.552001953125 0.025390625 0.048095703125
6 0.26123046875 0.555419921875 0.026123046875 0.048583984375
5 0.318115234375 0.631103515625 0.0224609375 0.052734375
5 0.39111328125 0.55029296875 0.026611328125 0.049072265625
4 0.34033203125 0.55078125 0.02587890625 0.05322265625
7 0.11376953125 0.637939453125 0.026611328125 0.053955078125
2 0.14599609375 0.71044921875 0.025390625 0.049072265625
4 0.09521484375 0.713623046875 0.026123046875 0.050537109375
5 0.066650390625 0.638916015625 0.02978515625 0.055908203125
7 0.320068359375 0.703369140625 0.025146484375 0.052001953125
3 0.2939453125 0.705810546875 0.02099609375 0.053466796875
5 0.36865234375 0.701904296875 0.02490234375 0.05078125
9 0.66943359375 0.545166015625 0.02490234375 0.06396484375
9 0.642333984375 0.54296875 0.0283203125 0.0595703125
4 0.693603515625 0.545654296875 0.031982421875 0.071533203125
3 0.590087890625 0.548095703125 0.031494140625 0.05419921875
1 0.56494140625 0.549072265625 0.016357421875 0.0546875
0 0.34228515625 0.62939453125 0.025146484375 0.049560546875