28 0.404052734375 0.58056640625 0.02587890625 0.05224609375
27 0.435302734375 0.57763671875 0.02734375 0.054931640625
11 0.501220703125 0.580078125 0.028564453125 0.052978515625
14 0.433349609375 0.651611328125 0.03125 0.055419921875
19 0.46826171875 0.649658203125 0.0302734375 0.051513671875
34 0.45947265625 0.791015625 0.0263671875 0.057861328125
10 0.49462890625 0.88134765625 0.02978515625 0.052490234375
28 0.46142578125 0.878662109375 0.02734375 0.059326171875
30 0.425048828125 0.878173828125 0.02880859375 0.06201171875
1 0.52880859375 0.653076171875 0.02392578125 0.052734375
4 0.592041015625 0.783935546875 0.030029296875 0.05712890625
9 0.625 0.788818359375 0.034912109375 0.057861328125
2 0.59619140625 0.650634765625 0.03125 0.052978515625
6 0.559326171875 0.65087890625 0.03076171875 0.053466796875
4 0.46826171875 0.580810546875 0.025390625 0.052001953125
9 0.4267578125 0.794921875 0.031982421875 0.055908203125
0 0.628173828125 0.651611328125 0.02587890625 0.052001953125
0 0.501953125 0.6513671875 0.02490234375 0.05419921875