25 0.323486328125 0.48291015625 0.0146484375 0.03515625
23 0.375244140625 0.472900390625 0.01708984375 0.040283203125
23 0.267578125 0.435791015625 0.02001953125 0.037109375
25 0.2177734375 0.44140625 0.015625 0.03857421875
14 0.677978515625 0.372314453125 0.019775390625 0.039794921875
6 0.791259765625 0.3525390625 0.02099609375 0.04052734375
9 0.752197265625 0.3583984375 0.0166015625 0.042724609375
7 0.73388671875 0.358642578125 0.01904296875 0.03271484375
29 0.622802734375 0.376708984375 0.014404296875 0.031982421875
3 0.341064453125 0.479736328125 0.01171875 0.035888671875
29 0.287353515625 0.42578125 0.01806640625 0.033447265625
0 0.1943359375 0.630859375 0.021484375 0.03515625
5 0.189208984375 0.740234375 0.015380859375 0.041015625