21 0.42333984375 0.343505859375 0.01904296875 0.064208984375
17 0.44775390625 0.3505859375 0.02197265625 0.060302734375
33 0.49365234375 0.36865234375 0.021728515625 0.061767578125
3 0.337158203125 0.316650390625 0.02197265625 0.064453125
8 0.470947265625 0.358642578125 0.016845703125 0.060791015625
8 0.401611328125 0.339111328125 0.0185546875 0.064453125
1 0.380859375 0.32763671875 0.014404296875 0.053466796875
5 0.539306640625 0.37890625 0.018310546875 0.06494140625
5 0.5625 0.385986328125 0.0234375 0.059326171875
6 0.6142578125 0.401611328125 0.023681640625 0.068115234375
29 0.295166015625 0.305908203125 0.016845703125 0.05419921875
10 0.276611328125 0.301513671875 0.02197265625 0.054443359375
12 0.2578125 0.29541015625 0.016845703125 0.05859375