14 0.43212890625 0.65087890625 0.021484375 0.060302734375
19 0.467529296875 0.649658203125 0.032958984375 0.05078125
27 0.4375 0.580810546875 0.02294921875 0.052734375
11 0.502197265625 0.578857421875 0.027099609375 0.051025390625
34 0.458984375 0.787353515625 0.02392578125 0.05908203125
28 0.40380859375 0.58251953125 0.026611328125 0.053466796875
10 0.494384765625 0.88134765625 0.0283203125 0.06787109375
30 0.427001953125 0.879150390625 0.03173828125 0.065673828125
28 0.459228515625 0.8759765625 0.0302734375 0.07177734375
4 0.561767578125 0.789794921875 0.028564453125 0.064208984375
2 0.593994140625 0.65283203125 0.027099609375 0.054443359375
9 0.423583984375 0.791015625 0.029296875 0.0615234375
9 0.62548828125 0.7900390625 0.031982421875 0.059326171875
6 0.56005859375 0.65234375 0.0341796875 0.04931640625
1 0.527099609375 0.653564453125 0.01904296875 0.052978515625
4 0.46826171875 0.580078125 0.02490234375 0.0517578125
6 0.39990234375 0.65087890625 0.02783203125 0.055908203125
4 0.59326171875 0.78662109375 0.02392578125 0.06103515625
0 0.6279296875 0.6484375 0.02587890625 0.057373046875