23 0.505859375 0.23388671875 0.023681640625 0.056884765625
9 0.6689453125 0.542724609375 0.0283203125 0.0537109375
9 0.643798828125 0.547607421875 0.022705078125 0.05126953125
4 0.694091796875 0.545654296875 0.02099609375 0.056396484375
4 0.53955078125 0.550048828125 0.02099609375 0.05615234375
7 0.117431640625 0.63623046875 0.021484375 0.058349609375
7 0.26708984375 0.62890625 0.02734375 0.052734375
7 0.31884765625 0.704345703125 0.02392578125 0.052001953125
5 0.371826171875 0.703369140625 0.029541015625 0.046875
5 0.394287109375 0.550537109375 0.030517578125 0.055419921875
4 0.33642578125 0.5537109375 0.0263671875 0.0546875
6 0.313720703125 0.55224609375 0.027099609375 0.051513671875
6 0.289306640625 0.553466796875 0.0244140625 0.05078125
3 0.1376953125 0.559326171875 0.028076171875 0.04931640625
3 0.14453125 0.635986328125 0.02490234375 0.050537109375
2 0.147705078125 0.710205078125 0.0234375 0.0546875
4 0.0947265625 0.71044921875 0.026611328125 0.052001953125
3 0.0595703125 0.55908203125 0.02294921875 0.050048828125
0 0.08447265625 0.560302734375 0.02783203125 0.052490234375
5 0.06689453125 0.63671875 0.025146484375 0.0537109375
3 0.0703125 0.714111328125 0.02197265625 0.05322265625
5 0.31591796875 0.629638671875 0.0224609375 0.05126953125
1 0.2705078125 0.710205078125 0.0166015625 0.05126953125
9 0.378173828125 0.23828125 0.025146484375 0.052490234375
9 0.404296875 0.23828125 0.025390625 0.04638671875
9 0.17626953125 0.24267578125 0.02197265625 0.053466796875
20 0.129150390625 0.3271484375 0.029052734375 0.04931640625
6 0.101318359375 0.328125 0.026611328125 0.055908203125
8 0.199951171875 0.24462890625 0.025146484375 0.054443359375
8 0.274169921875 0.241455078125 0.02685546875 0.051025390625
3 0.2509765625 0.241455078125 0.018798828125 0.049560546875
8 0.073974609375 0.252197265625 0.021728515625 0.05126953125
4 0.099365234375 0.245849609375 0.02490234375 0.055419921875
18 0.124755859375 0.24755859375 0.021484375 0.060302734375
7 0.14892578125 0.243408203125 0.0224609375 0.052001953125
7 0.35302734375 0.2421875 0.02587890625 0.05419921875
1 0.32470703125 0.24267578125 0.02099609375 0.05810546875
4 0.301513671875 0.24169921875 0.020751953125 0.052978515625
3 0.591796875 0.548828125 0.024169921875 0.043212890625
5 0.634033203125 0.2294921875 0.022705078125 0.046630859375
0 0.558349609375 0.23046875 0.0224609375 0.0576171875
7 0.48046875 0.23388671875 0.021240234375 0.0615234375