13 0.4599609375 0.487060546875 0.025146484375 0.0439453125
13 0.513427734375 0.485107421875 0.021728515625 0.047607421875
34 0.542236328125 0.48095703125 0.0224609375 0.04638671875
25 0.486328125 0.488037109375 0.025146484375 0.05029296875
2 0.247314453125 0.417236328125 0.023681640625 0.0498046875
2 0.380126953125 0.487060546875 0.021728515625 0.04296875
9 0.40625 0.482666015625 0.021728515625 0.0537109375
9 0.43212890625 0.47998046875 0.0166015625 0.039306640625
9 0.568115234375 0.481689453125 0.022216796875 0.0556640625
1 0.623046875 0.477294921875 0.0126953125 0.0478515625
10 0.30126953125 0.4921875 0.017333984375 0.048095703125
29 0.325927734375 0.486328125 0.02001953125 0.037841796875
12 0.273681640625 0.493408203125 0.021728515625 0.040283203125
9 0.2978515625 0.41357421875 0.023681640625 0.050537109375
9 0.271484375 0.414794921875 0.02099609375 0.044189453125
13 0.32470703125 0.40869140625 0.023193359375 0.049560546875
3 0.35205078125 0.409423828125 0.026123046875 0.047607421875
6 0.71142578125 0.47265625 0.031494140625 0.0478515625
9 0.68212890625 0.47265625 0.025634765625 0.046630859375