20 0.286376953125 0.17529296875 0.035888671875 0.0634765625
29 0.36572265625 0.289306640625 0.025390625 0.066162109375
10 0.330322265625 0.288818359375 0.033935546875 0.069091796875
12 0.29638671875 0.286376953125 0.025390625 0.06640625
12 0.56298828125 0.295654296875 0.03271484375 0.062744140625
28 0.59716796875 0.301025390625 0.02294921875 0.067138671875
35 0.627197265625 0.2998046875 0.029541015625 0.072998046875
21 0.66162109375 0.303466796875 0.028564453125 0.06396484375
20 0.52978515625 0.294677734375 0.02880859375 0.062744140625
17 0.471923828125 0.5556640625 0.021484375 0.053955078125
8 0.535400390625 0.56103515625 0.02490234375 0.052490234375
9 0.5986328125 0.5654296875 0.02001953125 0.04833984375
5 0.59619140625 0.64208984375 0.02099609375 0.053466796875
8 0.575439453125 0.641845703125 0.01953125 0.052978515625
6 0.55517578125 0.63818359375 0.020751953125 0.05908203125
2 0.763427734375 0.5712890625 0.02197265625 0.054931640625
7 0.73681640625 0.642822265625 0.0185546875 0.050048828125
6 0.80029296875 0.644775390625 0.01806640625 0.050048828125
4 0.8408203125 0.646484375 0.020263671875 0.0498046875
4 0.22265625 0.174072265625 0.02685546875 0.05859375
4 0.465576171875 0.29541015625 0.0302734375 0.06982421875
0 0.725830078125 0.302490234375 0.031494140625 0.060791015625