13 0.209228515625 0.374267578125 0.037353515625 0.067138671875
23 0.395263671875 0.356689453125 0.032470703125 0.06884765625
31 0.420166015625 0.514404296875 0.036376953125 0.066162109375
6 0.460693359375 0.513671875 0.031982421875 0.064697265625
23 0.676025390625 0.512939453125 0.033935546875 0.06640625
28 0.671142578125 0.35595703125 0.03369140625 0.069091796875
7 0.70849609375 0.35400390625 0.02978515625 0.06787109375
6 0.748046875 0.513916015625 0.032958984375 0.055908203125
3 0.48876953125 0.362548828125 0.040771484375 0.07958984375
6 0.5322265625 0.35791015625 0.040283203125 0.06640625
6 0.35107421875 0.3525390625 0.037841796875 0.065185546875
5 0.38134765625 0.5146484375 0.035888671875 0.0634765625
4 0.285888671875 0.5302734375 0.03759765625 0.05908203125
4 0.500244140625 0.520263671875 0.03076171875 0.0556640625
8 0.572021484375 0.51806640625 0.033203125 0.054443359375
9 0.78466796875 0.513427734375 0.032958984375 0.067138671875
4 0.7431640625 0.358154296875 0.03369140625 0.07080078125
6 0.633544921875 0.353271484375 0.0322265625 0.06689453125
9 0.814208984375 0.356689453125 0.026611328125 0.0625
0 0.2490234375 0.529541015625 0.029541015625 0.066162109375
3 0.25146484375 0.37890625 0.03564453125 0.063720703125
3 0.1767578125 0.527099609375 0.035400390625 0.05859375
1 0.534423828125 0.5166015625 0.0185546875 0.0595703125