23 0.395263671875 0.359375 0.038330078125 0.074951171875
31 0.417724609375 0.51123046875 0.0341796875 0.05859375
23 0.67822265625 0.50927734375 0.039794921875 0.06494140625
28 0.673583984375 0.356201171875 0.0302734375 0.068603515625
13 0.212158203125 0.376708984375 0.037353515625 0.0654296875
3 0.4873046875 0.363525390625 0.04052734375 0.0810546875
7 0.708740234375 0.356689453125 0.032470703125 0.075439453125
6 0.35498046875 0.3564453125 0.034912109375 0.06298828125
6 0.535400390625 0.360107421875 0.03369140625 0.0673828125
6 0.460693359375 0.514404296875 0.03466796875 0.06591796875
8 0.57275390625 0.52099609375 0.033447265625 0.063232421875
4 0.283935546875 0.527099609375 0.031982421875 0.056640625
4 0.5009765625 0.52197265625 0.033203125 0.0625
4 0.345458984375 0.51220703125 0.03173828125 0.061767578125
5 0.38232421875 0.51708984375 0.03564453125 0.064697265625
2 0.21240234375 0.526611328125 0.036865234375 0.058349609375
3 0.176513671875 0.5244140625 0.0341796875 0.06201171875
3 0.250244140625 0.3720703125 0.036865234375 0.061767578125
6 0.635009765625 0.35546875 0.033203125 0.069091796875
4 0.74169921875 0.357177734375 0.029296875 0.069580078125
9 0.814453125 0.35498046875 0.025634765625 0.058837890625
9 0.78564453125 0.51318359375 0.026123046875 0.062255859375
6 0.748046875 0.51123046875 0.033203125 0.06640625
1 0.713134765625 0.511474609375 0.025390625 0.062744140625
4 0.639404296875 0.51171875 0.032470703125 0.068603515625