27 0.43603515625 0.580078125 0.026611328125 0.0478515625
19 0.4677734375 0.64990234375 0.030517578125 0.0556640625
11 0.50146484375 0.58154296875 0.026123046875 0.050537109375
28 0.4033203125 0.581787109375 0.0283203125 0.05224609375
34 0.458740234375 0.787841796875 0.026123046875 0.060546875
30 0.42626953125 0.8798828125 0.029296875 0.065185546875
28 0.45947265625 0.879638671875 0.029541015625 0.060546875
10 0.494384765625 0.877197265625 0.03369140625 0.0595703125
14 0.434814453125 0.65283203125 0.027099609375 0.052978515625
4 0.59130859375 0.78564453125 0.031005859375 0.0556640625
6 0.5595703125 0.64599609375 0.036865234375 0.0546875
6 0.40087890625 0.6513671875 0.029296875 0.058837890625
4 0.4677734375 0.57861328125 0.025146484375 0.052001953125
1 0.52880859375 0.652099609375 0.0166015625 0.050537109375
9 0.427001953125 0.7939453125 0.03173828125 0.059814453125