1 0.1240234375 0.2470703125 0.01953125 0.05029296875
23 0.5048828125 0.2333984375 0.0263671875 0.056396484375
20 0.1259765625 0.32763671875 0.02734375 0.048095703125
8 0.073486328125 0.250244140625 0.02490234375 0.046630859375
8 0.20263671875 0.244140625 0.02490234375 0.048583984375
8 0.2763671875 0.243896484375 0.024658203125 0.05419921875
8 0.0771484375 0.3310546875 0.021484375 0.048828125
2 0.53173828125 0.235595703125 0.024169921875 0.0546875
0 0.556884765625 0.23095703125 0.022705078125 0.05517578125
0 0.5830078125 0.2314453125 0.02685546875 0.057861328125
7 0.348876953125 0.238037109375 0.02294921875 0.048583984375
9 0.377197265625 0.240478515625 0.02197265625 0.05517578125
9 0.406005859375 0.2373046875 0.02587890625 0.05517578125
5 0.634033203125 0.229736328125 0.023193359375 0.053955078125
5 0.611328125 0.23388671875 0.021484375 0.057861328125
0 0.662353515625 0.228759765625 0.02734375 0.052001953125
9 0.174072265625 0.24365234375 0.025390625 0.05517578125
7 0.148193359375 0.245849609375 0.025390625 0.0595703125
4 0.097412109375 0.250244140625 0.02587890625 0.052978515625
3 0.05078125 0.25244140625 0.023681640625 0.05859375
9 0.05224609375 0.332763671875 0.025390625 0.06201171875
3 0.05908203125 0.563232421875 0.022705078125 0.05322265625
3 0.13671875 0.55810546875 0.023193359375 0.047607421875
3 0.142578125 0.634033203125 0.0234375 0.05419921875
3 0.06884765625 0.7109375 0.02587890625 0.0498046875
3 0.296142578125 0.705078125 0.025390625 0.047607421875
6 0.287353515625 0.553955078125 0.02197265625 0.052001953125
6 0.312744140625 0.550537109375 0.022216796875 0.052734375
6 0.2607421875 0.555908203125 0.0234375 0.0556640625
34 0.2646484375 0.632080078125 0.027099609375 0.042236328125
0 0.085693359375 0.560791015625 0.02197265625 0.05322265625
2 0.111083984375 0.56005859375 0.024658203125 0.0546875
7 0.115234375 0.634033203125 0.021728515625 0.05078125
5 0.0673828125 0.635498046875 0.029296875 0.050537109375
4 0.094970703125 0.7109375 0.024169921875 0.0546875
2 0.14697265625 0.70947265625 0.03076171875 0.051513671875
5 0.31640625 0.632080078125 0.022705078125 0.053466796875
5 0.3896484375 0.549560546875 0.021484375 0.04931640625
4 0.337158203125 0.552734375 0.023193359375 0.0556640625
5 0.372314453125 0.70361328125 0.027587890625 0.05078125
7 0.31884765625 0.704833984375 0.0205078125 0.05322265625
1 0.27099609375 0.706787109375 0.02197265625 0.05419921875
3 0.591796875 0.54931640625 0.018798828125 0.053466796875
9 0.643798828125 0.545654296875 0.02392578125 0.052734375
9 0.668701171875 0.542724609375 0.0224609375 0.05908203125
4 0.692626953125 0.543212890625 0.026611328125 0.055419921875
2 0.718505859375 0.54248046875 0.027099609375 0.055419921875
1 0.56494140625 0.546875 0.02099609375 0.0517578125
1 0.540771484375 0.544921875 0.020751953125 0.05712890625