11 0.39990234375 0.395263671875 0.025146484375 0.055419921875
10 0.2607421875 0.39306640625 0.028564453125 0.05517578125
3 0.310546875 0.567138671875 0.02587890625 0.0517578125
9 0.426025390625 0.30029296875 0.024658203125 0.060791015625
9 0.331298828125 0.296142578125 0.0263671875 0.0595703125
6 0.572021484375 0.3994140625 0.031494140625 0.056396484375
4 0.290771484375 0.39111328125 0.028076171875 0.057373046875
2 0.45361328125 0.302001953125 0.028076171875 0.0595703125
7 0.480712890625 0.301513671875 0.025146484375 0.05712890625
0 0.5126953125 0.30078125 0.030517578125 0.052734375
0 0.54345703125 0.3974609375 0.025146484375 0.055419921875
5 0.37109375 0.3916015625 0.0283203125 0.052734375
8 0.31591796875 0.484619140625 0.0341796875 0.052490234375
8 0.47998046875 0.576171875 0.023681640625 0.060791015625
8 0.454345703125 0.66357421875 0.025146484375 0.05517578125
8 0.325927734375 0.653564453125 0.028076171875 0.055908203125
8 0.294677734375 0.653076171875 0.02587890625 0.04296875
8 0.26904296875 0.65478515625 0.017822265625 0.046630859375
2 0.2451171875 0.653076171875 0.028076171875 0.05224609375
2 0.508056640625 0.576416015625 0.029296875 0.056884765625
0 0.43603515625 0.571533203125 0.029052734375 0.0546875
6 0.48095703125 0.662109375 0.02978515625 0.055419921875
3 0.256591796875 0.478759765625 0.03125 0.0537109375
3 0.50048828125 0.495361328125 0.029541015625 0.052001953125
7 0.4423828125 0.494384765625 0.027587890625 0.057373046875
0 0.241455078125 0.563232421875 0.02490234375 0.0498046875
6 0.280517578125 0.56298828125 0.026123046875 0.04931640625
9 0.341796875 0.39306640625 0.02685546875 0.0556640625
1 0.315185546875 0.387451171875 0.0166015625 0.051513671875
12 0.431396484375 0.395751953125 0.0341796875 0.056396484375
2 0.458740234375 0.396240234375 0.02294921875 0.05615234375
2 0.515380859375 0.39794921875 0.025146484375 0.056396484375
0 0.487548828125 0.3994140625 0.02880859375 0.053466796875