21 0.42431640625 0.34912109375 0.02099609375 0.056884765625
33 0.492919921875 0.367919921875 0.0234375 0.0634765625
29 0.296630859375 0.308837890625 0.016845703125 0.06201171875
10 0.2763671875 0.301513671875 0.0166015625 0.05419921875
3 0.336669921875 0.318359375 0.015869140625 0.0634765625
0 0.359375 0.32421875 0.022705078125 0.05859375
1 0.378662109375 0.326904296875 0.014404296875 0.0498046875
8 0.40087890625 0.337158203125 0.019775390625 0.0556640625
8 0.469970703125 0.354736328125 0.0205078125 0.062255859375
17 0.446533203125 0.352783203125 0.017822265625 0.062744140625
5 0.540771484375 0.37646484375 0.016845703125 0.0615234375
5 0.563232421875 0.386474609375 0.017333984375 0.0634765625
2 0.589111328125 0.39404296875 0.019775390625 0.06640625
6 0.613037109375 0.3994140625 0.024169921875 0.065673828125
0 0.516357421875 0.37158203125 0.021728515625 0.05810546875