13 0.2109375 0.37353515625 0.042724609375 0.068603515625
23 0.395751953125 0.357666015625 0.0400390625 0.078125
31 0.41845703125 0.511962890625 0.032958984375 0.070556640625
28 0.6728515625 0.354248046875 0.03173828125 0.072998046875
23 0.679443359375 0.512939453125 0.037841796875 0.0615234375
0 0.581298828125 0.35986328125 0.043212890625 0.0634765625
8 0.57080078125 0.521484375 0.030517578125 0.060546875
3 0.48681640625 0.36083984375 0.0380859375 0.064697265625
7 0.708984375 0.35791015625 0.031494140625 0.073974609375
9 0.814453125 0.35986328125 0.029296875 0.06494140625
9 0.783447265625 0.513671875 0.03369140625 0.06298828125
6 0.7470703125 0.512939453125 0.035400390625 0.06640625
2 0.21337890625 0.52490234375 0.02734375 0.063720703125
4 0.284423828125 0.529541015625 0.03369140625 0.06103515625
4 0.34228515625 0.517822265625 0.032958984375 0.0625
5 0.3818359375 0.5107421875 0.029541015625 0.067626953125
6 0.53369140625 0.35888671875 0.03662109375 0.06689453125
6 0.635986328125 0.35546875 0.033203125 0.060302734375
4 0.740966796875 0.354736328125 0.032958984375 0.06494140625
4 0.502197265625 0.522705078125 0.0341796875 0.06201171875
1 0.534912109375 0.517822265625 0.0166015625 0.070068359375
6 0.45947265625 0.51171875 0.030029296875 0.066650390625
6 0.353515625 0.3544921875 0.03857421875 0.066162109375
3 0.2548828125 0.37255859375 0.0283203125 0.059814453125