11 0.3232421875 0.318115234375 0.029541015625 0.05908203125
12 0.875 0.47265625 0.04541015625 0.117919921875
27 0.925537109375 0.4794921875 0.047607421875 0.123779296875
34 0.97607421875 0.470947265625 0.03369140625 0.1171875
4 0.298095703125 0.226806640625 0.021240234375 0.053466796875
4 0.768798828125 0.471923828125 0.045166015625 0.134765625
9 0.823486328125 0.47509765625 0.049072265625 0.14111328125
29 0.561279296875 0.470947265625 0.04052734375 0.12890625
10 0.507080078125 0.47900390625 0.049560546875 0.117431640625
12 0.454345703125 0.476318359375 0.040771484375 0.125732421875
3 0.716064453125 0.470947265625 0.04248046875 0.13232421875
0 0.663818359375 0.47119140625 0.04443359375 0.142822265625
9 0.32421875 0.223876953125 0.02294921875 0.059326171875
3 0.273193359375 0.226806640625 0.02490234375 0.053466796875
0 0.27197265625 0.31640625 0.031982421875 0.067626953125
7 0.29833984375 0.31689453125 0.019775390625 0.068359375