11 0.324462890625 0.3232421875 0.0283203125 0.053955078125
27 0.92578125 0.480224609375 0.03955078125 0.1240234375
34 0.976806640625 0.474609375 0.039306640625 0.119140625
3 0.27197265625 0.226806640625 0.02880859375 0.062744140625
3 0.71484375 0.478759765625 0.042724609375 0.164794921875
9 0.821044921875 0.475830078125 0.048095703125 0.140380859375
12 0.8779296875 0.478271484375 0.037353515625 0.1181640625
12 0.455078125 0.47412109375 0.0458984375 0.1396484375
10 0.5048828125 0.476318359375 0.049072265625 0.130615234375
29 0.5546875 0.46923828125 0.037841796875 0.1083984375
7 0.296875 0.322509765625 0.02392578125 0.0654296875
9 0.32421875 0.22705078125 0.028564453125 0.057861328125
13 0.298095703125 0.22607421875 0.02294921875 0.06640625
0 0.271240234375 0.32470703125 0.024169921875 0.056884765625
4 0.7685546875 0.474609375 0.04296875 0.13232421875