11 0.32470703125 0.320068359375 0.027587890625 0.05859375
12 0.453369140625 0.47314453125 0.03515625 0.1298828125
12 0.87548828125 0.4755859375 0.037353515625 0.137939453125
27 0.925537109375 0.468994140625 0.04248046875 0.133056640625
34 0.97509765625 0.469970703125 0.03857421875 0.115234375
10 0.50732421875 0.474609375 0.0400390625 0.118896484375
29 0.557861328125 0.4736328125 0.036865234375 0.13134765625
3 0.71728515625 0.468505859375 0.043212890625 0.146728515625
9 0.821044921875 0.468505859375 0.044189453125 0.133056640625
9 0.323486328125 0.22412109375 0.0205078125 0.067138671875
7 0.296875 0.320068359375 0.020751953125 0.052978515625
4 0.76904296875 0.472900390625 0.039794921875 0.128173828125
3 0.272705078125 0.2265625 0.0234375 0.062744140625
4 0.298583984375 0.22802734375 0.025390625 0.0595703125