9 0.465087890625 0.581298828125 0.0234375 0.0634765625
8 0.2578125 0.47509765625 0.024169921875 0.0595703125
6 0.2265625 0.468017578125 0.027099609375 0.060302734375
2 0.567138671875 0.496337890625 0.0234375 0.06640625
1 0.47265625 0.67333984375 0.01611328125 0.0576171875
0 0.641845703125 0.865478515625 0.021728515625 0.05810546875
6 0.435546875 0.336669921875 0.02294921875 0.06298828125
28 0.407470703125 0.334228515625 0.02392578125 0.062744140625
7 0.62158203125 0.494140625 0.023193359375 0.059814453125
3 0.592529296875 0.5791015625 0.025634765625 0.05517578125
3 0.691650390625 0.583984375 0.024658203125 0.055419921875
9 0.489990234375 0.33642578125 0.025390625 0.063720703125
3 0.365234375 0.47900390625 0.025390625 0.064697265625
0 0.336669921875 0.477783203125 0.026123046875 0.060791015625
1 0.17431640625 0.470458984375 0.014892578125 0.063720703125
9 0.469482421875 0.48291015625 0.021728515625 0.0615234375
9 0.44091796875 0.478759765625 0.021240234375 0.061279296875
6 0.414306640625 0.481201171875 0.0283203125 0.062744140625
6 0.439453125 0.580322265625 0.022705078125 0.062744140625
9 0.34375 0.6748046875 0.026123046875 0.072021484375
0 0.517578125 0.342529296875 0.024169921875 0.061767578125
2 0.19775390625 0.47216796875 0.026123046875 0.0732421875
9 0.64892578125 0.499755859375 0.02392578125 0.0615234375
0 0.638916015625 0.57958984375 0.022216796875 0.052978515625
4 0.7158203125 0.672119140625 0.0185546875 0.0537109375
5 0.739013671875 0.67333984375 0.0185546875 0.061279296875
1 0.4267578125 0.68212890625 0.015380859375 0.061279296875
3 0.375 0.867919921875 0.01953125 0.059814453125
16 0.52099609375 0.67431640625 0.027587890625 0.06298828125
1 0.54638671875 0.5810546875 0.01220703125 0.060546875
21 0.397705078125 0.8740234375 0.024658203125 0.063720703125