12 0.305419921875 0.4755859375 0.0283203125 0.060302734375
28 0.4072265625 0.333740234375 0.021484375 0.0595703125
1 0.42529296875 0.68212890625 0.01025390625 0.064208984375
2 0.1982421875 0.47314453125 0.02197265625 0.060302734375
3 0.592529296875 0.578125 0.019775390625 0.0595703125
4 0.717529296875 0.67333984375 0.01708984375 0.058837890625
6 0.439453125 0.580078125 0.023681640625 0.058837890625
7 0.621337890625 0.495361328125 0.0224609375 0.061767578125
8 0.2568359375 0.4736328125 0.025390625 0.0595703125
9 0.6484375 0.495361328125 0.021484375 0.0634765625
0 0.519775390625 0.34375 0.027099609375 0.062744140625