6 0.440673828125 0.5810546875 0.022705078125 0.0625
8 0.255615234375 0.472412109375 0.0244140625 0.05810546875
28 0.407958984375 0.330322265625 0.023681640625 0.057861328125
7 0.621337890625 0.492919921875 0.02197265625 0.06298828125
3 0.692138671875 0.58154296875 0.020751953125 0.052978515625
1 0.17431640625 0.4697265625 0.01123046875 0.06103515625
9 0.48876953125 0.335205078125 0.021240234375 0.056396484375
9 0.469482421875 0.482421875 0.020263671875 0.057373046875
9 0.441162109375 0.4794921875 0.022705078125 0.061767578125
6 0.41552734375 0.478515625 0.025390625 0.061279296875
6 0.4365234375 0.33447265625 0.028076171875 0.0634765625
0 0.51806640625 0.33837890625 0.02294921875 0.057861328125
2 0.5947265625 0.493896484375 0.01953125 0.06640625
2 0.56640625 0.496337890625 0.02197265625 0.064208984375
0 0.337646484375 0.4765625 0.0234375 0.0693359375
3 0.365478515625 0.47314453125 0.02490234375 0.06103515625
6 0.22607421875 0.46875 0.024658203125 0.062744140625
9 0.341552734375 0.677734375 0.02783203125 0.064453125
6 0.520751953125 0.670654296875 0.0234375 0.06591796875
1 0.424560546875 0.677978515625 0.0166015625 0.054443359375
1 0.472412109375 0.673583984375 0.013671875 0.064697265625
12 0.401611328125 0.67529296875 0.02392578125 0.066650390625
3 0.3759765625 0.87646484375 0.019287109375 0.075439453125
21 0.400146484375 0.874755859375 0.024658203125 0.0703125
1 0.350830078125 0.8701171875 0.01708984375 0.0576171875
2 0.668701171875 0.86767578125 0.018798828125 0.061279296875
4 0.716064453125 0.673095703125 0.020751953125 0.0654296875
5 0.7392578125 0.669677734375 0.019775390625 0.05859375
2 0.565185546875 0.5791015625 0.021728515625 0.0595703125
3 0.593017578125 0.580322265625 0.019287109375 0.06396484375
0 0.640380859375 0.577880859375 0.02197265625 0.067626953125
9 0.46630859375 0.579345703125 0.0263671875 0.06201171875
1 0.545166015625 0.58154296875 0.015380859375 0.05615234375
0 0.305908203125 0.47607421875 0.028564453125 0.06689453125
9 0.648193359375 0.49609375 0.02392578125 0.05712890625
0 0.40966796875 0.580322265625 0.029296875 0.06298828125