11 0.2705078125 0.227783203125 0.028076171875 0.0595703125
11 0.49072265625 0.33203125 0.026611328125 0.06005859375
10 0.523193359375 0.33056640625 0.029296875 0.063232421875
28 0.555908203125 0.326416015625 0.02197265625 0.066162109375
27 0.589599609375 0.329833984375 0.03173828125 0.06201171875
28 0.623779296875 0.32861328125 0.024169921875 0.065673828125
4 0.430419921875 0.327392578125 0.0263671875 0.066650390625
10 0.304443359375 0.335693359375 0.02783203125 0.056396484375
12 0.271728515625 0.3349609375 0.023681640625 0.05517578125
29 0.33544921875 0.330322265625 0.02197265625 0.059814453125
2 0.188232421875 0.230712890625 0.027099609375 0.063720703125
6 0.722900390625 0.322265625 0.029541015625 0.067138671875
2 0.687744140625 0.326904296875 0.02880859375 0.071044921875
4 0.7568359375 0.3193359375 0.032470703125 0.07275390625
7 0.790771484375 0.31982421875 0.025390625 0.069580078125
3 0.302001953125 0.22802734375 0.028076171875 0.0625
4 0.2177734375 0.230224609375 0.0205078125 0.0556640625