11 0.270751953125 0.228271484375 0.02685546875 0.061279296875
11 0.490478515625 0.33154296875 0.024658203125 0.061279296875
29 0.33203125 0.329833984375 0.02880859375 0.0576171875
10 0.3046875 0.33203125 0.02880859375 0.05859375
10 0.52392578125 0.328857421875 0.028076171875 0.06494140625
28 0.5556640625 0.327392578125 0.024658203125 0.06396484375
28 0.622314453125 0.327392578125 0.034423828125 0.06591796875
27 0.5908203125 0.32568359375 0.026123046875 0.069580078125
12 0.27197265625 0.33154296875 0.021240234375 0.063232421875
2 0.396240234375 0.3330078125 0.029541015625 0.067626953125
0 0.365966796875 0.329833984375 0.02685546875 0.06689453125
3 0.302001953125 0.227294921875 0.02880859375 0.053955078125
4 0.42822265625 0.328369140625 0.02734375 0.06591796875
6 0.72314453125 0.32373046875 0.0302734375 0.06591796875
7 0.789794921875 0.322509765625 0.034423828125 0.077880859375
4 0.754150390625 0.32373046875 0.02880859375 0.072021484375
4 0.218017578125 0.228515625 0.024169921875 0.050048828125
2 0.690185546875 0.324951171875 0.023681640625 0.0654296875