11 0.2705078125 0.226806640625 0.028564453125 0.061279296875
11 0.492919921875 0.33154296875 0.029052734375 0.066162109375
28 0.554931640625 0.326904296875 0.029052734375 0.0634765625
28 0.622802734375 0.32861328125 0.03076171875 0.061767578125
27 0.589599609375 0.326171875 0.02734375 0.06201171875
10 0.52294921875 0.329345703125 0.028564453125 0.06640625
7 0.789306640625 0.32080078125 0.03173828125 0.067138671875
2 0.243896484375 0.2294921875 0.022705078125 0.055419921875
2 0.395751953125 0.326416015625 0.02490234375 0.0615234375
4 0.428466796875 0.3291015625 0.02783203125 0.0712890625
4 0.217529296875 0.23193359375 0.02294921875 0.05029296875
4 0.757568359375 0.32177734375 0.02490234375 0.066650390625
6 0.7236328125 0.322021484375 0.02783203125 0.061279296875
29 0.33349609375 0.333984375 0.025146484375 0.0625
10 0.303955078125 0.333984375 0.026123046875 0.0634765625
12 0.274658203125 0.3330078125 0.0234375 0.061767578125
3 0.30322265625 0.226318359375 0.0302734375 0.056884765625