11 0.492431640625 0.330078125 0.0283203125 0.07373046875
28 0.556640625 0.328369140625 0.028564453125 0.0703125
27 0.59228515625 0.327880859375 0.02978515625 0.067626953125
28 0.623291015625 0.32666015625 0.0302734375 0.06689453125
11 0.271484375 0.22900390625 0.0302734375 0.05615234375
7 0.790771484375 0.3193359375 0.02587890625 0.067626953125
3 0.30224609375 0.228759765625 0.025146484375 0.053955078125
10 0.523681640625 0.327392578125 0.025634765625 0.072021484375
10 0.30224609375 0.330322265625 0.026123046875 0.060302734375
29 0.333251953125 0.33203125 0.03173828125 0.06396484375
12 0.27197265625 0.333984375 0.031005859375 0.0615234375
0 0.364990234375 0.33544921875 0.031494140625 0.07177734375
2 0.460693359375 0.327880859375 0.0341796875 0.067138671875
4 0.75634765625 0.322998046875 0.033203125 0.070068359375
4 0.427490234375 0.32958984375 0.02392578125 0.0732421875
6 0.721435546875 0.3173828125 0.03271484375 0.076416015625
4 0.215087890625 0.230712890625 0.01904296875 0.06494140625
2 0.243896484375 0.2314453125 0.023681640625 0.069091796875