10 0.3330078125 0.382568359375 0.036865234375 0.067138671875
20 0.575439453125 0.378662109375 0.032958984375 0.07177734375
12 0.536865234375 0.378662109375 0.03564453125 0.070068359375
13 0.611328125 0.37548828125 0.033447265625 0.076171875
17 0.682373046875 0.376220703125 0.036376953125 0.068603515625
10 0.647216796875 0.376220703125 0.03173828125 0.068603515625
9 0.278564453125 0.638671875 0.025634765625 0.062255859375
3 0.305419921875 0.64306640625 0.0234375 0.066650390625
2 0.5068359375 0.635009765625 0.02587890625 0.064208984375
2 0.357421875 0.71337890625 0.0234375 0.053955078125
4 0.387451171875 0.71142578125 0.029296875 0.059814453125
0 0.420166015625 0.71435546875 0.027099609375 0.05615234375
0 0.567138671875 0.6337890625 0.0302734375 0.060302734375
7 0.59765625 0.6328125 0.029052734375 0.05859375
3 0.209228515625 0.2666015625 0.03515625 0.065185546875
12 0.29541015625 0.3837890625 0.036865234375 0.06201171875
3 0.827392578125 0.36962890625 0.038330078125 0.072998046875
3 0.245361328125 0.2666015625 0.020751953125 0.06396484375
8 0.282470703125 0.267578125 0.02734375 0.068603515625
8 0.500732421875 0.376953125 0.031982421875 0.076904296875
3 0.865478515625 0.37255859375 0.033203125 0.0791015625
2 0.7890625 0.375 0.02783203125 0.072998046875
0 0.720458984375 0.372314453125 0.037841796875 0.0771484375