20 0.5712890625 0.375732421875 0.035888671875 0.06640625
12 0.539306640625 0.376953125 0.030029296875 0.065185546875
13 0.6123046875 0.374755859375 0.033935546875 0.07177734375
10 0.646240234375 0.3759765625 0.033447265625 0.07421875
17 0.682861328125 0.373779296875 0.038818359375 0.07177734375
0 0.719970703125 0.373046875 0.03662109375 0.066650390625
9 0.27587890625 0.63916015625 0.026123046875 0.06298828125
4 0.305419921875 0.639404296875 0.025146484375 0.05224609375
4 0.390380859375 0.714599609375 0.02734375 0.05126953125
7 0.598876953125 0.63134765625 0.02734375 0.056396484375
0 0.536865234375 0.6357421875 0.0322265625 0.054931640625
0 0.44677734375 0.71240234375 0.031494140625 0.056640625
2 0.505859375 0.6357421875 0.0283203125 0.051513671875
3 0.2099609375 0.26708984375 0.03564453125 0.07373046875
1 0.755859375 0.373291015625 0.015625 0.06298828125
0 0.296630859375 0.3818359375 0.03662109375 0.06005859375
8 0.282470703125 0.26708984375 0.031005859375 0.067626953125
1 0.24462890625 0.264404296875 0.016357421875 0.072021484375
3 0.82861328125 0.37109375 0.0341796875 0.072265625
3 0.865234375 0.3671875 0.032958984375 0.0693359375
2 0.79150390625 0.372802734375 0.027587890625 0.06982421875