14 0.267333984375 0.2958984375 0.029296875 0.07470703125
14 0.52001953125 0.412841796875 0.0341796875 0.08056640625
21 0.297119140625 0.29833984375 0.027099609375 0.075927734375
12 0.5634765625 0.409423828125 0.0390625 0.0791015625
9 0.23583984375 0.298583984375 0.03076171875 0.07080078125
9 0.48095703125 0.41259765625 0.036376953125 0.067626953125
3 0.403076171875 0.41357421875 0.034912109375 0.0751953125
29 0.330810546875 0.410400390625 0.031005859375 0.072021484375
10 0.2998046875 0.4208984375 0.034912109375 0.076904296875
12 0.263916015625 0.41455078125 0.039794921875 0.080078125
3 0.1728515625 0.298828125 0.030029296875 0.072509765625
2 0.443603515625 0.41455078125 0.031982421875 0.072998046875