14 0.267333984375 0.29443359375 0.029296875 0.071044921875
14 0.522705078125 0.413330078125 0.03173828125 0.075927734375
12 0.563232421875 0.41064453125 0.0400390625 0.070556640625
10 0.29736328125 0.420166015625 0.0341796875 0.06787109375
21 0.2958984375 0.293701171875 0.026123046875 0.07666015625
29 0.332275390625 0.412353515625 0.03076171875 0.061767578125
12 0.2626953125 0.416748046875 0.033935546875 0.0693359375
2 0.20361328125 0.29638671875 0.02783203125 0.073974609375
9 0.234619140625 0.29541015625 0.030517578125 0.07080078125
9 0.482666015625 0.4140625 0.037353515625 0.080078125
3 0.404541015625 0.411865234375 0.032958984375 0.074462890625
3 0.173095703125 0.29541015625 0.028564453125 0.076904296875
2 0.442138671875 0.416259765625 0.032958984375 0.07568359375
0 0.365234375 0.41552734375 0.036376953125 0.068115234375