14 0.265869140625 0.29443359375 0.02880859375 0.07373046875
21 0.298583984375 0.296142578125 0.03125 0.071533203125
29 0.3291015625 0.412841796875 0.029541015625 0.06982421875
9 0.234619140625 0.29638671875 0.028076171875 0.06982421875
3 0.16943359375 0.300537109375 0.031982421875 0.070556640625
3 0.404541015625 0.417236328125 0.03125 0.0859375
14 0.519775390625 0.4130859375 0.034423828125 0.079345703125
12 0.56298828125 0.408935546875 0.03759765625 0.076904296875
12 0.262451171875 0.419677734375 0.032958984375 0.073974609375
10 0.297607421875 0.416748046875 0.036865234375 0.088134765625
9 0.48193359375 0.412353515625 0.033935546875 0.07763671875
2 0.2041015625 0.295654296875 0.024658203125 0.07421875