10 0.33154296875 0.38232421875 0.02978515625 0.06982421875
8 0.4990234375 0.379638671875 0.029296875 0.0673828125
12 0.537841796875 0.37646484375 0.033447265625 0.06298828125
20 0.572021484375 0.37841796875 0.031494140625 0.068359375
13 0.61181640625 0.377197265625 0.032958984375 0.0693359375
10 0.646484375 0.3759765625 0.03125 0.06689453125
17 0.68212890625 0.374267578125 0.031982421875 0.0751953125
4 0.306640625 0.641357421875 0.028076171875 0.054931640625
2 0.505126953125 0.635986328125 0.0283203125 0.057373046875
3 0.208251953125 0.2685546875 0.03515625 0.072021484375
3 0.827392578125 0.36962890625 0.03466796875 0.068603515625
3 0.865966796875 0.36572265625 0.03662109375 0.079833984375
3 0.755615234375 0.374755859375 0.019775390625 0.06884765625
2 0.35888671875 0.71630859375 0.02783203125 0.054931640625
12 0.295166015625 0.382568359375 0.037109375 0.0625
8 0.282958984375 0.2685546875 0.02734375 0.06884765625
1 0.242919921875 0.265869140625 0.0166015625 0.05908203125
12 0.31689453125 0.26708984375 0.034423828125 0.064697265625
2 0.78857421875 0.373046875 0.02734375 0.072509765625
0 0.7197265625 0.37353515625 0.034423828125 0.0703125
7 0.5986328125 0.631103515625 0.025146484375 0.0517578125
0 0.5673828125 0.6337890625 0.026611328125 0.058837890625
4 0.389404296875 0.709716796875 0.0244140625 0.050537109375
0 0.447509765625 0.712890625 0.029296875 0.0498046875
9 0.275390625 0.641845703125 0.02392578125 0.063232421875