22 0.39501953125 0.547607421875 0.025390625 0.04443359375
17 0.42431640625 0.545654296875 0.025146484375 0.04052734375
21 0.472900390625 0.5439453125 0.025390625 0.0439453125
33 0.49853515625 0.5439453125 0.02294921875 0.042236328125
28 0.598876953125 0.545654296875 0.026611328125 0.04052734375
21 0.624267578125 0.546142578125 0.023681640625 0.03955078125
19 0.652099609375 0.54638671875 0.024658203125 0.043701171875
25 0.6767578125 0.546875 0.024169921875 0.042724609375
3 0.7060546875 0.495361328125 0.0263671875 0.04443359375
33 0.650146484375 0.49462890625 0.026123046875 0.037841796875
21 0.6220703125 0.494873046875 0.0244140625 0.043701171875
5 0.437255859375 0.40625 0.03125 0.056396484375
5 0.552490234375 0.405517578125 0.033203125 0.04833984375
9 0.3076171875 0.548828125 0.03125 0.043701171875
4 0.448486328125 0.546630859375 0.02587890625 0.044677734375
1 0.576904296875 0.542236328125 0.0146484375 0.045166015625
28 0.599853515625 0.5419921875 0.024658203125 0.046875
12 0.5263671875 0.54541015625 0.02685546875 0.049560546875
10 0.55078125 0.544189453125 0.02490234375 0.044677734375
7 0.525390625 0.40673828125 0.0185546875 0.045166015625
10 0.76025390625 0.4921875 0.024658203125 0.040283203125
8 0.753662109375 0.542724609375 0.0283203125 0.04736328125
8 0.778564453125 0.54296875 0.024658203125 0.0478515625
0 0.70166015625 0.54345703125 0.023681640625 0.047119140625