22 0.39697265625 0.54638671875 0.0244140625 0.041259765625
17 0.422607421875 0.548828125 0.026123046875 0.041259765625
21 0.473388671875 0.543212890625 0.022216796875 0.041015625
33 0.5 0.5478515625 0.02099609375 0.04150390625
33 0.525634765625 0.544921875 0.022705078125 0.041748046875
10 0.551513671875 0.5458984375 0.024658203125 0.040283203125
21 0.624267578125 0.545166015625 0.021728515625 0.0361328125
19 0.65087890625 0.5458984375 0.022705078125 0.03759765625
25 0.676513671875 0.544677734375 0.023193359375 0.0400390625
21 0.618896484375 0.49755859375 0.02197265625 0.041259765625
33 0.648681640625 0.498291015625 0.029296875 0.042724609375
10 0.760009765625 0.498046875 0.028564453125 0.042236328125
5 0.437744140625 0.404296875 0.028076171875 0.047119140625
0 0.465576171875 0.407958984375 0.026123046875 0.052978515625
7 0.522216796875 0.4052734375 0.023193359375 0.04638671875
4 0.706298828125 0.49365234375 0.020751953125 0.043212890625
9 0.308349609375 0.547119140625 0.02783203125 0.054443359375
1 0.203125 0.54541015625 0.018798828125 0.04833984375
1 0.227783203125 0.54248046875 0.01806640625 0.041259765625
1 0.282470703125 0.54345703125 0.0166015625 0.050048828125
4 0.44921875 0.543212890625 0.023193359375 0.04541015625
12 0.525634765625 0.542724609375 0.02294921875 0.040771484375
1 0.57275390625 0.544921875 0.01513671875 0.03955078125
28 0.599609375 0.544921875 0.024169921875 0.046142578125
1 0.49560546875 0.40869140625 0.0205078125 0.04931640625
5 0.553466796875 0.406494140625 0.029296875 0.046142578125
28 0.776611328125 0.5439453125 0.023193359375 0.04443359375
8 0.753173828125 0.544189453125 0.023193359375 0.044921875
0 0.7275390625 0.545654296875 0.023681640625 0.045166015625
2 0.677978515625 0.497802734375 0.024169921875 0.03955078125
0 0.80126953125 0.54296875 0.027099609375 0.04150390625