28 0.25390625 0.551025390625 0.0126953125 0.02490234375
28 0.322265625 0.551025390625 0.0146484375 0.02392578125
18 0.296875 0.550537109375 0.006591796875 0.022705078125
14 0.3076171875 0.552490234375 0.011474609375 0.02587890625
14 0.2685546875 0.55126953125 0.011962890625 0.0283203125
27 0.283935546875 0.552001953125 0.01318359375 0.02587890625
28 0.372314453125 0.5517578125 0.012939453125 0.023193359375
12 0.388427734375 0.55126953125 0.01416015625 0.0234375
2 0.626220703125 0.555419921875 0.014892578125 0.025634765625
1 0.5830078125 0.555419921875 0.014892578125 0.033203125
1 0.689697265625 0.556396484375 0.013916015625 0.031982421875
0 0.60546875 0.555419921875 0.016845703125 0.02783203125
5 0.64794921875 0.5556640625 0.01513671875 0.029052734375
8 0.669677734375 0.554443359375 0.013671875 0.02783203125
1 0.345458984375 0.55224609375 0.006591796875 0.02685546875
6 0.358642578125 0.5517578125 0.0126953125 0.02783203125