14 0.2685546875 0.552001953125 0.012451171875 0.03076171875
14 0.30615234375 0.551025390625 0.012939453125 0.02734375
28 0.251953125 0.549072265625 0.012451171875 0.02490234375
28 0.322021484375 0.551025390625 0.016357421875 0.02734375
28 0.373046875 0.5517578125 0.0146484375 0.02734375
28 0.3896484375 0.552490234375 0.0146484375 0.02734375
27 0.283935546875 0.551513671875 0.013671875 0.026611328125
18 0.294921875 0.55126953125 0.00830078125 0.031005859375
5 0.647705078125 0.5556640625 0.01513671875 0.029052734375
1 0.582275390625 0.55615234375 0.021240234375 0.029052734375
0 0.605712890625 0.5546875 0.014404296875 0.031982421875
8 0.6689453125 0.557373046875 0.016845703125 0.03076171875
6 0.358154296875 0.551025390625 0.01220703125 0.024169921875