16 0.5849609375 0.418701171875 0.017578125 0.029052734375
22 0.604736328125 0.4208984375 0.020751953125 0.031982421875
15 0.65185546875 0.42431640625 0.012451171875 0.0322265625
20 0.60595703125 0.466552734375 0.01123046875 0.0244140625
20 0.605224609375 0.503662109375 0.010009765625 0.02099609375
32 0.620849609375 0.502197265625 0.0224609375 0.023681640625
32 0.620361328125 0.464599609375 0.020263671875 0.024658203125
2 0.567626953125 0.4189453125 0.013427734375 0.031005859375
8 0.579833984375 0.460693359375 0.01123046875 0.025390625
6 0.665771484375 0.503173828125 0.010009765625 0.02490234375
3 0.65380859375 0.503662109375 0.0107421875 0.023681640625
3 0.656005859375 0.466796875 0.0126953125 0.023193359375
3 0.5576171875 0.50146484375 0.010498046875 0.0244140625
4 0.57861328125 0.50048828125 0.01318359375 0.0234375
0 0.690673828125 0.468994140625 0.014404296875 0.022705078125
1 0.559326171875 0.46044921875 0.0068359375 0.025390625