28 0.711181640625 0.391845703125 0.0234375 0.05322265625
29 0.734375 0.392578125 0.018310546875 0.051513671875
13 0.756103515625 0.3974609375 0.01904296875 0.04833984375
3 0.591796875 0.452392578125 0.020751953125 0.050048828125
29 0.505859375 0.44140625 0.0185546875 0.052001953125
23 0.317138671875 0.30126953125 0.02197265625 0.046142578125
8 0.525146484375 0.44287109375 0.016357421875 0.056640625
8 0.478759765625 0.68017578125 0.01611328125 0.052734375
3 0.72607421875 0.7158203125 0.018798828125 0.047607421875
5 0.69091796875 0.592529296875 0.017822265625 0.054931640625
6 0.728271484375 0.470703125 0.020263671875 0.048095703125
7 0.402099609375 0.307861328125 0.018798828125 0.043212890625
7 0.42529296875 0.31005859375 0.020751953125 0.03955078125
1 0.380126953125 0.3095703125 0.013427734375 0.037353515625
6 0.273193359375 0.2958984375 0.0185546875 0.048828125
8 0.264404296875 0.4111328125 0.019775390625 0.045166015625
5 0.336669921875 0.540283203125 0.01904296875 0.0498046875
3 0.3779296875 0.546142578125 0.021484375 0.041259765625
7 0.287841796875 0.58935546875 0.016357421875 0.049072265625
8 0.328857421875 0.658935546875 0.01953125 0.044921875
8 0.28466796875 0.653076171875 0.016845703125 0.044921875
1 0.306640625 0.658203125 0.021484375 0.046142578125
6 0.39794921875 0.606689453125 0.02001953125 0.048828125
1 0.37451171875 0.605224609375 0.0146484375 0.052490234375
0 0.443115234375 0.611328125 0.021484375 0.041748046875
1 0.222412109375 0.404052734375 0.016845703125 0.045654296875
8 0.329345703125 0.418701171875 0.017822265625 0.044189453125
4 0.351318359375 0.421142578125 0.0146484375 0.046630859375
6 0.373046875 0.42138671875 0.025634765625 0.047119140625
3 0.548583984375 0.4482421875 0.019287109375 0.053955078125
7 0.570068359375 0.4482421875 0.0185546875 0.048583984375
8 0.734375 0.597412109375 0.016845703125 0.05126953125
6 0.657470703125 0.70556640625 0.01806640625 0.045654296875
4 0.6806640625 0.70556640625 0.0205078125 0.053955078125
4 0.75 0.71923828125 0.021240234375 0.05029296875
5 0.711669921875 0.35009765625 0.015625 0.040771484375
3 0.68994140625 0.35009765625 0.018798828125 0.051513671875
2 0.314208984375 0.540283203125 0.019775390625 0.049560546875