32 0.295166015625 0.296875 0.024169921875 0.04443359375
23 0.316162109375 0.298828125 0.022216796875 0.048583984375
29 0.504150390625 0.439697265625 0.015869140625 0.0478515625
1 0.379150390625 0.310791015625 0.015869140625 0.056884765625
0 0.440673828125 0.6142578125 0.0205078125 0.04931640625
2 0.307861328125 0.41259765625 0.01904296875 0.053466796875
3 0.6904296875 0.345458984375 0.01806640625 0.051513671875
4 0.379150390625 0.544921875 0.0205078125 0.0556640625
5 0.68896484375 0.591552734375 0.02001953125 0.056884765625
6 0.398193359375 0.607666015625 0.017578125 0.050048828125
7 0.286865234375 0.589599609375 0.0166015625 0.04736328125
8 0.478759765625 0.68017578125 0.017578125 0.045166015625
28 0.71337890625 0.394287109375 0.01806640625 0.0458984375
29 0.73486328125 0.3955078125 0.01611328125 0.04736328125
8 0.526123046875 0.441650390625 0.017822265625 0.048828125
8 0.2841796875 0.6533203125 0.016357421875 0.04541015625
8 0.32763671875 0.657470703125 0.019287109375 0.0419921875
5 0.3369140625 0.54052734375 0.01806640625 0.052490234375
8 0.329833984375 0.41455078125 0.017578125 0.052490234375
8 0.265625 0.40771484375 0.021240234375 0.044921875
7 0.400634765625 0.3095703125 0.020263671875 0.045654296875
7 0.42578125 0.3125 0.02001953125 0.0478515625
32 0.2939453125 0.29443359375 0.02294921875 0.043701171875
5 0.712646484375 0.3486328125 0.019287109375 0.04541015625
6 0.7294921875 0.4697265625 0.01904296875 0.0546875
8 0.734619140625 0.601806640625 0.018310546875 0.057861328125
3 0.72900390625 0.716064453125 0.01904296875 0.0537109375
4 0.750244140625 0.719482421875 0.0185546875 0.05419921875
4 0.68115234375 0.709716796875 0.02099609375 0.04638671875
6 0.656494140625 0.705322265625 0.021240234375 0.047607421875
0 0.52197265625 0.686767578125 0.019775390625 0.048095703125
0 0.310302734375 0.592041015625 0.021240234375 0.051513671875
6 0.372802734375 0.419921875 0.022216796875 0.046142578125
4 0.350341796875 0.4189453125 0.018310546875 0.0498046875
2 0.24365234375 0.404296875 0.017333984375 0.054931640625
7 0.5703125 0.4462890625 0.01708984375 0.046630859375
3 0.593505859375 0.45361328125 0.017578125 0.0537109375
0 0.358642578125 0.30419921875 0.018798828125 0.042724609375