6 0.577880859375 0.433349609375 0.013916015625 0.031494140625
13 0.593994140625 0.431640625 0.0166015625 0.03271484375
18 0.611572265625 0.4326171875 0.008056640625 0.03955078125
29 0.62451171875 0.431396484375 0.017333984375 0.037353515625
10 0.646484375 0.431396484375 0.013916015625 0.036376953125
16 0.681396484375 0.4287109375 0.01416015625 0.0341796875
25 0.697509765625 0.42724609375 0.016845703125 0.03271484375
27 0.55224609375 0.486083984375 0.015869140625 0.029296875
19 0.56884765625 0.485595703125 0.013916015625 0.035888671875
34 0.6044921875 0.535400390625 0.013916015625 0.03173828125
4 0.605712890625 0.4853515625 0.0146484375 0.031494140625
4 0.621337890625 0.48388671875 0.0146484375 0.031494140625
4 0.654296875 0.53564453125 0.01416015625 0.033447265625
9 0.671875 0.535400390625 0.020751953125 0.029052734375
7 0.65771484375 0.479248046875 0.01708984375 0.030517578125
4 0.54443359375 0.435791015625 0.013916015625 0.02783203125
3 0.525390625 0.434814453125 0.015625 0.033935546875
0 0.559814453125 0.433837890625 0.016845703125 0.027099609375
3 0.6376953125 0.4833984375 0.016357421875 0.03076171875
8 0.61962890625 0.53564453125 0.012451171875 0.031982421875
0 0.5869140625 0.48583984375 0.0166015625 0.02880859375