31 0.44189453125 0.4697265625 0.0224609375 0.040771484375
29 0.465576171875 0.47021484375 0.02099609375 0.03759765625
10 0.48974609375 0.46923828125 0.024658203125 0.038330078125
22 0.587158203125 0.462158203125 0.022705078125 0.0341796875
2 0.61328125 0.4609375 0.023681640625 0.037841796875
14 0.81298828125 0.412109375 0.023681640625 0.034423828125
7 0.517333984375 0.419677734375 0.021728515625 0.0390625
7 0.415283203125 0.52197265625 0.020263671875 0.038330078125
5 0.466064453125 0.420654296875 0.022216796875 0.0361328125
5 0.441650390625 0.5234375 0.0224609375 0.03857421875
9 0.546142578125 0.604248046875 0.01953125 0.033203125
8 0.542724609375 0.419921875 0.020263671875 0.033447265625
8 0.54150390625 0.463623046875 0.021728515625 0.030517578125
8 0.545654296875 0.513427734375 0.021240234375 0.04150390625
6 0.390625 0.52490234375 0.021484375 0.041748046875
1 0.491943359375 0.4208984375 0.0146484375 0.035400390625
3 0.616455078125 0.41552734375 0.025390625 0.038330078125
3 0.5908203125 0.41552734375 0.021484375 0.038330078125
0 0.569580078125 0.512939453125 0.02099609375 0.033203125
3 0.499755859375 0.607421875 0.019287109375 0.032958984375
2 0.513671875 0.466796875 0.02587890625 0.034423828125
2 0.43896484375 0.421875 0.02685546875 0.035888671875
9 0.8359375 0.41015625 0.01806640625 0.0322265625
9 0.8779296875 0.4091796875 0.017333984375 0.03173828125
6 0.857177734375 0.41015625 0.01806640625 0.033203125
6 0.98095703125 0.449951171875 0.020263671875 0.033203125
8 0.937255859375 0.40185546875 0.018798828125 0.03466796875
2 0.896484375 0.404541015625 0.01806640625 0.037109375
5 0.90673828125 0.449951171875 0.020751953125 0.031005859375
7 0.927978515625 0.449462890625 0.01611328125 0.034912109375
4 0.94384765625 0.44970703125 0.01513671875 0.03515625
1 0.973876953125 0.5234375 0.0126953125 0.033447265625