27 0.55419921875 0.486083984375 0.015869140625 0.02880859375
19 0.568603515625 0.482666015625 0.01708984375 0.03662109375
34 0.604736328125 0.53466796875 0.013916015625 0.028564453125
25 0.698486328125 0.426513671875 0.01806640625 0.03271484375
10 0.646240234375 0.431640625 0.015869140625 0.033935546875
7 0.657958984375 0.4833984375 0.017333984375 0.0341796875
13 0.5947265625 0.43310546875 0.0185546875 0.02880859375
3 0.525634765625 0.434814453125 0.015869140625 0.033203125
3 0.637939453125 0.483642578125 0.01708984375 0.03369140625
8 0.618896484375 0.535400390625 0.012939453125 0.02880859375
2 0.636962890625 0.534423828125 0.015869140625 0.029296875
2 0.5390625 0.483154296875 0.012939453125 0.029296875
4 0.54345703125 0.43505859375 0.015380859375 0.03271484375
0 0.56005859375 0.433837890625 0.0146484375 0.031494140625
6 0.578369140625 0.4326171875 0.015380859375 0.031494140625
29 0.623291015625 0.431640625 0.01416015625 0.031005859375
18 0.612548828125 0.431884765625 0.008544921875 0.033203125
16 0.68115234375 0.4287109375 0.01806640625 0.030029296875
1 0.7333984375 0.425537109375 0.015625 0.036865234375
4 0.605224609375 0.485595703125 0.0126953125 0.02978515625
4 0.62109375 0.4853515625 0.013427734375 0.029541015625
4 0.654052734375 0.535400390625 0.013671875 0.027099609375
9 0.67041015625 0.534423828125 0.014892578125 0.029541015625
9 0.587158203125 0.53662109375 0.015625 0.027099609375
0 0.586669921875 0.48388671875 0.015380859375 0.031494140625