18 0.6123046875 0.430419921875 0.009033203125 0.033935546875
29 0.624267578125 0.4306640625 0.014404296875 0.033447265625
16 0.681640625 0.42822265625 0.0185546875 0.032470703125
25 0.69873046875 0.428466796875 0.017333984375 0.0341796875
34 0.6044921875 0.5341796875 0.014892578125 0.031982421875
27 0.55322265625 0.485107421875 0.01708984375 0.0341796875
19 0.567138671875 0.482666015625 0.01513671875 0.031982421875
3 0.525146484375 0.43603515625 0.01806640625 0.0302734375
6 0.5771484375 0.4326171875 0.017578125 0.034423828125
7 0.65869140625 0.47998046875 0.017822265625 0.030517578125
9 0.671875 0.536376953125 0.014892578125 0.026611328125
4 0.6552734375 0.536865234375 0.01220703125 0.031494140625
8 0.619140625 0.535400390625 0.015380859375 0.034423828125
9 0.587646484375 0.5361328125 0.01513671875 0.032958984375
2 0.6376953125 0.535400390625 0.01416015625 0.02685546875
3 0.637939453125 0.482177734375 0.013916015625 0.0341796875
4 0.62060546875 0.48388671875 0.0166015625 0.03173828125
4 0.60595703125 0.4833984375 0.016357421875 0.02880859375
4 0.5439453125 0.4365234375 0.013671875 0.041015625
13 0.594970703125 0.431640625 0.013916015625 0.037353515625
10 0.646240234375 0.4287109375 0.017333984375 0.032470703125
1 0.734130859375 0.424072265625 0.01123046875 0.03466796875
0 0.587158203125 0.485595703125 0.0126953125 0.0322265625