31 0.44140625 0.47412109375 0.0244140625 0.037353515625
29 0.465576171875 0.470947265625 0.020263671875 0.03466796875
10 0.4892578125 0.4716796875 0.023193359375 0.0361328125
22 0.58642578125 0.463623046875 0.024169921875 0.036865234375
22 0.8134765625 0.415283203125 0.019287109375 0.036865234375
7 0.518798828125 0.419189453125 0.01904296875 0.035888671875
1 0.96435546875 0.44970703125 0.011474609375 0.03125
2 0.439697265625 0.421875 0.019775390625 0.040283203125
2 0.61083984375 0.46044921875 0.02001953125 0.0390625
2 0.5146484375 0.466064453125 0.021728515625 0.030517578125
8 0.540771484375 0.46533203125 0.018798828125 0.033935546875
8 0.541015625 0.4189453125 0.020263671875 0.03466796875
8 0.545654296875 0.5146484375 0.018798828125 0.03857421875
0 0.56787109375 0.416015625 0.019287109375 0.03857421875
0 0.59130859375 0.510498046875 0.017578125 0.03369140625
0 0.570068359375 0.513427734375 0.021484375 0.038330078125
3 0.589599609375 0.416015625 0.021484375 0.033935546875
3 0.614501953125 0.4130859375 0.0234375 0.041748046875
3 0.490478515625 0.41943359375 0.013916015625 0.03564453125
5 0.466796875 0.420654296875 0.02099609375 0.042724609375
5 0.441650390625 0.520263671875 0.027099609375 0.038330078125
7 0.416015625 0.523681640625 0.021484375 0.03564453125
6 0.389404296875 0.5244140625 0.022705078125 0.035888671875
6 0.523681640625 0.517333984375 0.01611328125 0.03955078125
6 0.564453125 0.599609375 0.013427734375 0.030517578125
9 0.544189453125 0.603759765625 0.018310546875 0.03759765625
3 0.500732421875 0.6083984375 0.021240234375 0.033935546875
9 0.836669921875 0.412353515625 0.017578125 0.03466796875
9 0.877685546875 0.4091796875 0.018310546875 0.035400390625
6 0.8564453125 0.41015625 0.018798828125 0.0361328125
2 0.89599609375 0.408203125 0.020263671875 0.03662109375
0 0.918701171875 0.406005859375 0.02099609375 0.0361328125
8 0.9384765625 0.403076171875 0.016357421875 0.037109375
7 0.928466796875 0.450927734375 0.01708984375 0.03759765625
4 0.945556640625 0.45068359375 0.016845703125 0.034912109375
6 0.98046875 0.44775390625 0.0205078125 0.032470703125
5 0.908203125 0.452392578125 0.023193359375 0.03466796875
1 0.974365234375 0.525146484375 0.0146484375 0.04296875