32 0.296142578125 0.298828125 0.0185546875 0.046630859375
23 0.3173828125 0.30322265625 0.01904296875 0.05126953125
29 0.504638671875 0.440185546875 0.018310546875 0.048583984375
28 0.711669921875 0.392822265625 0.0224609375 0.04443359375
2 0.31005859375 0.596923828125 0.020263671875 0.053466796875
0 0.441650390625 0.61474609375 0.02001953125 0.05126953125
1 0.456787109375 0.679443359375 0.01611328125 0.043212890625
8 0.3291015625 0.41796875 0.014892578125 0.04736328125
7 0.403076171875 0.310546875 0.013427734375 0.0478515625
6 0.274169921875 0.296630859375 0.018798828125 0.0439453125
0 0.360595703125 0.307861328125 0.01953125 0.0439453125
5 0.712646484375 0.35107421875 0.020751953125 0.041259765625
0 0.33740234375 0.304443359375 0.020263671875 0.051025390625
2 0.243408203125 0.406005859375 0.017578125 0.052490234375
8 0.265625 0.409912109375 0.019287109375 0.044921875
4 0.378662109375 0.54736328125 0.02490234375 0.055908203125
8 0.328857421875 0.658203125 0.021728515625 0.0478515625
8 0.2861328125 0.652587890625 0.0205078125 0.053466796875
8 0.477783203125 0.68017578125 0.017333984375 0.052978515625
6 0.397705078125 0.60791015625 0.01904296875 0.039306640625
8 0.525146484375 0.4443359375 0.01953125 0.0556640625
3 0.54736328125 0.447021484375 0.02001953125 0.058349609375
3 0.594482421875 0.450439453125 0.021484375 0.052490234375
3 0.689208984375 0.348388671875 0.0185546875 0.04736328125
29 0.73583984375 0.395263671875 0.017333984375 0.05615234375
6 0.72802734375 0.468505859375 0.018310546875 0.05224609375
0 0.749755859375 0.47705078125 0.018310546875 0.052734375
2 0.66748046875 0.58837890625 0.023193359375 0.0654296875
5 0.688720703125 0.593994140625 0.017333984375 0.06298828125
8 0.73486328125 0.6015625 0.02197265625 0.061279296875
6 0.657470703125 0.70849609375 0.0205078125 0.0556640625
4 0.68115234375 0.7109375 0.019775390625 0.05322265625
3 0.725341796875 0.715576171875 0.022705078125 0.052734375
4 0.747802734375 0.717041015625 0.0224609375 0.050537109375
1 0.26318359375 0.64892578125 0.012939453125 0.048828125
1 0.30615234375 0.657470703125 0.01416015625 0.04833984375
1 0.265869140625 0.589111328125 0.014404296875 0.052978515625
7 0.28662109375 0.58642578125 0.015869140625 0.049072265625
5 0.33642578125 0.5419921875 0.019287109375 0.049072265625
2 0.31298828125 0.540771484375 0.020751953125 0.046875
1 0.22314453125 0.40380859375 0.018798828125 0.04833984375
7 0.425537109375 0.31201171875 0.020263671875 0.05078125
6 0.37255859375 0.42236328125 0.018310546875 0.049072265625
4 0.350830078125 0.419189453125 0.021240234375 0.048583984375
7 0.571044921875 0.4462890625 0.015625 0.048095703125
0 0.524658203125 0.6884765625 0.022216796875 0.052978515625
1 0.3798828125 0.31005859375 0.01806640625 0.057861328125