32 0.294189453125 0.2978515625 0.023193359375 0.04931640625
23 0.316650390625 0.30224609375 0.02099609375 0.05615234375
29 0.506103515625 0.44140625 0.017578125 0.048583984375
28 0.71142578125 0.39208984375 0.02001953125 0.03955078125
7 0.57080078125 0.44873046875 0.015380859375 0.056884765625
8 0.52587890625 0.444091796875 0.015380859375 0.05078125
3 0.551513671875 0.447998046875 0.021240234375 0.053955078125
3 0.593505859375 0.4521484375 0.019287109375 0.05224609375
3 0.69140625 0.346435546875 0.0146484375 0.052001953125
5 0.711669921875 0.347412109375 0.0166015625 0.046630859375
7 0.424560546875 0.311279296875 0.020751953125 0.04248046875
7 0.40234375 0.308837890625 0.01708984375 0.05908203125
1 0.3818359375 0.30810546875 0.01611328125 0.04638671875
6 0.273193359375 0.29443359375 0.018798828125 0.04931640625
5 0.33740234375 0.54248046875 0.02392578125 0.04638671875
2 0.30859375 0.417724609375 0.015625 0.051513671875
4 0.380126953125 0.548583984375 0.025634765625 0.04443359375
6 0.39794921875 0.609130859375 0.016845703125 0.04638671875
8 0.47802734375 0.6806640625 0.017822265625 0.0478515625
0 0.500244140625 0.686279296875 0.02099609375 0.050537109375
8 0.328125 0.656005859375 0.020751953125 0.05078125
8 0.28515625 0.65478515625 0.01953125 0.05419921875
6 0.657958984375 0.70654296875 0.017333984375 0.050537109375
4 0.750732421875 0.721435546875 0.023193359375 0.04736328125
5 0.688720703125 0.592529296875 0.01806640625 0.055419921875
8 0.734375 0.600341796875 0.020751953125 0.05224609375
6 0.7275390625 0.472412109375 0.0185546875 0.05810546875
29 0.73486328125 0.393310546875 0.014892578125 0.04296875
13 0.755859375 0.399658203125 0.020263671875 0.0498046875
6 0.372314453125 0.41943359375 0.021728515625 0.04345703125
8 0.265380859375 0.408203125 0.0146484375 0.044189453125
8 0.32958984375 0.419921875 0.017822265625 0.044189453125
7 0.287353515625 0.587646484375 0.01611328125 0.050048828125
2 0.418701171875 0.609375 0.016845703125 0.047119140625
2 0.243408203125 0.40771484375 0.02001953125 0.050048828125
1 0.26708984375 0.59423828125 0.01416015625 0.05029296875
4 0.350341796875 0.42041015625 0.014892578125 0.05224609375
0 0.359130859375 0.306396484375 0.01904296875 0.04541015625