1 0.548583984375 0.46044921875 0.00830078125 0.019775390625
3 0.558349609375 0.501708984375 0.010986328125 0.024169921875
32 0.62158203125 0.466064453125 0.020263671875 0.02587890625
32 0.620361328125 0.502685546875 0.018798828125 0.026123046875
3 0.65625 0.466796875 0.010009765625 0.022216796875
0 0.6904296875 0.46826171875 0.013671875 0.023681640625
2 0.57275390625 0.536865234375 0.0166015625 0.034423828125
3 0.64208984375 0.537353515625 0.0146484375 0.031982421875
4 0.664794921875 0.538330078125 0.019287109375 0.0322265625
7 0.595947265625 0.53759765625 0.017578125 0.032470703125
5 0.619873046875 0.539306640625 0.020263671875 0.0361328125
8 0.57958984375 0.4638671875 0.011474609375 0.023193359375
6 0.665771484375 0.504150390625 0.010498046875 0.02392578125
4 0.6669921875 0.467041015625 0.009765625 0.025390625
0 0.67919921875 0.468505859375 0.01123046875 0.02490234375
3 0.655029296875 0.50341796875 0.010498046875 0.021484375
1 0.546630859375 0.499267578125 0.005615234375 0.022705078125
1 0.560791015625 0.4619140625 0.00537109375 0.024169921875
4 0.578369140625 0.499755859375 0.010986328125 0.024169921875
20 0.604248046875 0.501953125 0.01123046875 0.02294921875
20 0.605224609375 0.46484375 0.01123046875 0.02392578125
0 0.68896484375 0.505615234375 0.010986328125 0.0244140625