16 0.5849609375 0.4208984375 0.02001953125 0.031982421875
22 0.60546875 0.423095703125 0.023193359375 0.03369140625
15 0.652587890625 0.4248046875 0.017822265625 0.0322265625
32 0.622314453125 0.464599609375 0.02001953125 0.0234375
32 0.61962890625 0.501220703125 0.02001953125 0.02685546875
20 0.605224609375 0.46337890625 0.010009765625 0.021728515625
20 0.603759765625 0.5009765625 0.0078125 0.024658203125
7 0.59423828125 0.536865234375 0.017333984375 0.033203125
5 0.61767578125 0.5361328125 0.017578125 0.032958984375
3 0.6396484375 0.5380859375 0.014892578125 0.0341796875
3 0.65625 0.466796875 0.012451171875 0.023681640625
3 0.65380859375 0.5029296875 0.011962890625 0.026611328125
3 0.559326171875 0.5009765625 0.01025390625 0.023681640625
2 0.57275390625 0.535400390625 0.017333984375 0.033203125
4 0.66259765625 0.53662109375 0.015625 0.03466796875
4 0.668212890625 0.4677734375 0.010986328125 0.0224609375
0 0.679443359375 0.467529296875 0.009521484375 0.0234375
0 0.688720703125 0.505126953125 0.011474609375 0.0234375
4 0.577880859375 0.501708984375 0.01171875 0.024169921875
8 0.5791015625 0.46240234375 0.012451171875 0.023193359375
1 0.54833984375 0.4599609375 0.007568359375 0.024169921875