34 0.295166015625 0.374267578125 0.03271484375 0.025146484375
17 0.2939453125 0.401611328125 0.0341796875 0.023681640625
28 0.28369140625 0.3505859375 0.018798828125 0.025146484375
22 0.17333984375 0.291748046875 0.02197265625 0.03076171875
16 0.1943359375 0.2919921875 0.0205078125 0.028564453125
10 0.15283203125 0.291259765625 0.02294921875 0.02685546875
10 0.414306640625 0.296142578125 0.024169921875 0.027099609375
10 0.395263671875 0.2939453125 0.017822265625 0.02685546875
13 0.3759765625 0.2939453125 0.021484375 0.0263671875
21 0.311279296875 0.293701171875 0.0166015625 0.025146484375
21 0.296142578125 0.293701171875 0.015380859375 0.028076171875
5 0.24658203125 0.292724609375 0.019775390625 0.025390625
5 0.225830078125 0.32470703125 0.020263671875 0.0234375
6 0.256103515625 0.427734375 0.019775390625 0.025146484375
1 0.30615234375 0.48046875 0.015380859375 0.02197265625
1 0.324951171875 0.50537109375 0.012451171875 0.01806640625
0 0.31787109375 0.428955078125 0.020751953125 0.02734375
5 0.29833984375 0.429443359375 0.02001953125 0.028564453125
8 0.27734375 0.42822265625 0.0224609375 0.02490234375
2 0.1640625 0.32568359375 0.02001953125 0.0244140625
1 0.3046875 0.35009765625 0.0146484375 0.023193359375
4 0.345458984375 0.2939453125 0.016357421875 0.02294921875
0 0.325927734375 0.294189453125 0.01904296875 0.025146484375
1 0.203857421875 0.322998046875 0.012939453125 0.0185546875
0 0.18359375 0.3232421875 0.018310546875 0.021240234375
10 0.287841796875 0.48095703125 0.019775390625 0.02099609375
2 0.27734375 0.45361328125 0.018798828125 0.027099609375
3 0.299560546875 0.45263671875 0.02392578125 0.025390625
1 0.267578125 0.50341796875 0.014404296875 0.02099609375
1 0.286376953125 0.50341796875 0.01513671875 0.02099609375
8 0.67529296875 0.297119140625 0.016845703125 0.030029296875
8 0.69287109375 0.2958984375 0.020263671875 0.02685546875
8 0.736572265625 0.2978515625 0.0224609375 0.02587890625
7 0.758056640625 0.2978515625 0.018310546875 0.02685546875
5 0.716552734375 0.326904296875 0.020751953125 0.02197265625
9 0.728759765625 0.355224609375 0.0185546875 0.025146484375
6 0.707763671875 0.35498046875 0.022216796875 0.0234375
6 0.718017578125 0.381103515625 0.022216796875 0.025390625
9 0.720458984375 0.434326171875 0.019287109375 0.02490234375
1 0.737548828125 0.434814453125 0.014404296875 0.022216796875
8 0.7666015625 0.43212890625 0.019287109375 0.024169921875
8 0.744873046875 0.460693359375 0.0224609375 0.021240234375
10 0.798095703125 0.43603515625 0.0224609375 0.024658203125
12 0.820556640625 0.433837890625 0.0263671875 0.02685546875
1 0.693115234375 0.40478515625 0.0146484375 0.02294921875
0 0.70068359375 0.43359375 0.023193359375 0.0205078125
3 0.8232421875 0.534423828125 0.017578125 0.025634765625