10 0.155517578125 0.29296875 0.015869140625 0.02197265625
16 0.19482421875 0.29296875 0.0205078125 0.02001953125
13 0.377197265625 0.295166015625 0.02001953125 0.022705078125
10 0.416748046875 0.294921875 0.018310546875 0.022216796875
21 0.296142578125 0.29296875 0.017822265625 0.025390625
21 0.312744140625 0.293212890625 0.016845703125 0.0234375
34 0.2978515625 0.37451171875 0.02392578125 0.023681640625
28 0.283203125 0.350341796875 0.02392578125 0.023681640625
17 0.296142578125 0.40283203125 0.0322265625 0.0244140625
6 0.70849609375 0.35693359375 0.02099609375 0.02392578125
31 0.436767578125 0.531005859375 0.02099609375 0.02099609375
7 0.7578125 0.298583984375 0.022705078125 0.024169921875
32 0.31689453125 0.23681640625 0.0224609375 0.02587890625
25 0.39990234375 0.24072265625 0.021484375 0.026123046875
5 0.2470703125 0.291259765625 0.019287109375 0.02783203125
5 0.226318359375 0.3251953125 0.02734375 0.02392578125
5 0.297119140625 0.429931640625 0.02001953125 0.020751953125
3 0.300048828125 0.453857421875 0.022216796875 0.02099609375
10 0.2880859375 0.479736328125 0.022705078125 0.021240234375
2 0.277099609375 0.45263671875 0.0234375 0.024169921875
8 0.711669921875 0.406494140625 0.017333984375 0.0234375
8 0.76806640625 0.435791015625 0.0234375 0.026611328125
8 0.744140625 0.4609375 0.0263671875 0.023681640625
9 0.720703125 0.4345703125 0.023681640625 0.025146484375
1 0.69287109375 0.406494140625 0.01513671875 0.022216796875
21 0.77978515625 0.297607421875 0.021240234375 0.024169921875
8 0.676025390625 0.29541015625 0.024658203125 0.025634765625
8 0.697021484375 0.296875 0.018310546875 0.029052734375
4 0.3466796875 0.29541015625 0.0205078125 0.025146484375
1 0.206298828125 0.322265625 0.0166015625 0.02001953125
22 0.174560546875 0.293701171875 0.023193359375 0.024658203125
1 0.3271484375 0.505859375 0.0185546875 0.020751953125
6 0.39990234375 0.53076171875 0.0224609375 0.025634765625
3 0.353515625 0.530029296875 0.02099609375 0.023681640625
14 0.511474609375 0.532958984375 0.017578125 0.023681640625
4 0.7177734375 0.486572265625 0.01953125 0.021484375
2 0.6806640625 0.433349609375 0.020263671875 0.022216796875
6 0.716796875 0.382568359375 0.022216796875 0.025634765625
0 0.740966796875 0.383056640625 0.022216796875 0.025390625
0 0.755615234375 0.407958984375 0.0263671875 0.024169921875
3 0.512939453125 0.66796875 0.017333984375 0.019287109375
3 0.533935546875 0.6650390625 0.020751953125 0.0224609375
3 0.6474609375 0.66943359375 0.02001953125 0.0224609375
12 0.625244140625 0.670654296875 0.02294921875 0.02392578125
12 0.639404296875 0.708984375 0.017822265625 0.02099609375
30 0.5029296875 0.705078125 0.021484375 0.021728515625
22 0.598876953125 0.708740234375 0.01953125 0.019775390625
22 0.57763671875 0.66845703125 0.022705078125 0.02001953125
6 0.57763671875 0.707763671875 0.018310546875 0.020751953125
23 0.479736328125 0.704345703125 0.02099609375 0.021728515625
4 0.5546875 0.66845703125 0.0166015625 0.023193359375
1 0.521240234375 0.70556640625 0.015380859375 0.018310546875
2 0.558349609375 0.7080078125 0.015625 0.019775390625
0 0.539306640625 0.706787109375 0.0185546875 0.024169921875