34 0.296630859375 0.37548828125 0.033935546875 0.02490234375
17 0.297119140625 0.4013671875 0.03662109375 0.023193359375
31 0.436279296875 0.531982421875 0.022705078125 0.020751953125
10 0.415771484375 0.297607421875 0.021728515625 0.02587890625
10 0.394775390625 0.29638671875 0.01806640625 0.026611328125
6 0.2578125 0.427490234375 0.01806640625 0.022705078125
6 0.71923828125 0.383056640625 0.02001953125 0.02734375
6 0.70849609375 0.35498046875 0.024658203125 0.0234375
8 0.672607421875 0.294921875 0.025634765625 0.02880859375
8 0.697021484375 0.296142578125 0.022216796875 0.0302734375
4 0.343994140625 0.294921875 0.018310546875 0.0234375
3 0.298828125 0.452880859375 0.02294921875 0.019775390625
8 0.27783203125 0.42822265625 0.02001953125 0.025390625
5 0.29833984375 0.4287109375 0.019775390625 0.02197265625
0 0.319580078125 0.428955078125 0.024658203125 0.021728515625
5 0.224853515625 0.3232421875 0.021240234375 0.0234375
1 0.204345703125 0.32373046875 0.019775390625 0.018798828125
21 0.296875 0.294189453125 0.016845703125 0.0224609375
21 0.31201171875 0.294189453125 0.01806640625 0.0244140625
5 0.24609375 0.293701171875 0.01904296875 0.0234375
22 0.1728515625 0.291748046875 0.018310546875 0.021728515625
10 0.156982421875 0.291015625 0.01416015625 0.020751953125
2 0.16259765625 0.3232421875 0.017578125 0.01953125
10 0.287841796875 0.478515625 0.02001953125 0.018798828125
1 0.3251953125 0.505126953125 0.013916015625 0.016845703125
6 0.40087890625 0.53173828125 0.020263671875 0.020751953125
4 0.373046875 0.53076171875 0.01904296875 0.0205078125
3 0.35205078125 0.52880859375 0.023681640625 0.024169921875
12 0.475341796875 0.53173828125 0.022216796875 0.019287109375
13 0.456787109375 0.5322265625 0.02001953125 0.02099609375
5 0.7177734375 0.328369140625 0.02001953125 0.0234375
9 0.728759765625 0.35546875 0.019775390625 0.02294921875
8 0.712646484375 0.407470703125 0.02197265625 0.021484375
9 0.7197265625 0.43359375 0.020751953125 0.02587890625
8 0.76513671875 0.43505859375 0.02392578125 0.02294921875
8 0.742431640625 0.45947265625 0.01904296875 0.018310546875
10 0.79931640625 0.4345703125 0.01953125 0.0205078125
12 0.8232421875 0.435546875 0.02001953125 0.022705078125
1 0.737060546875 0.43408203125 0.01123046875 0.022705078125
0 0.700439453125 0.433837890625 0.018310546875 0.018310546875
5 0.73583984375 0.485107421875 0.01806640625 0.02001953125
4 0.716796875 0.485107421875 0.01953125 0.020263671875