13 0.223388671875 0.26708984375 0.028564453125 0.072021484375
21 0.253173828125 0.26708984375 0.0283203125 0.07568359375
12 0.28173828125 0.26513671875 0.02880859375 0.068115234375
27 0.31005859375 0.266357421875 0.033935546875 0.072265625
27 0.496337890625 0.377197265625 0.029296875 0.0703125
22 0.5244140625 0.37890625 0.028564453125 0.068359375
33 0.552978515625 0.3759765625 0.027099609375 0.069580078125
13 0.4404296875 0.379638671875 0.030517578125 0.070068359375
29 0.29736328125 0.379150390625 0.02880859375 0.076171875
25 0.468994140625 0.376953125 0.028564453125 0.06591796875
8 0.414306640625 0.38134765625 0.0283203125 0.071044921875
8 0.66650390625 0.376953125 0.0302734375 0.063720703125
5 0.697265625 0.377197265625 0.02978515625 0.0771484375
10 0.271728515625 0.37890625 0.032958984375 0.0703125
12 0.24365234375 0.382080078125 0.0302734375 0.066162109375
3 0.14013671875 0.26708984375 0.030029296875 0.068115234375
2 0.169189453125 0.26708984375 0.031494140625 0.073486328125
8 0.19677734375 0.267578125 0.026611328125 0.0673828125