13 0.22314453125 0.267578125 0.02880859375 0.072265625
21 0.251953125 0.26513671875 0.030517578125 0.069580078125
27 0.313232421875 0.26416015625 0.03125 0.073486328125
25 0.469482421875 0.3779296875 0.02880859375 0.065673828125
27 0.496826171875 0.37890625 0.02978515625 0.0673828125
22 0.525390625 0.37841796875 0.03076171875 0.06640625
33 0.554931640625 0.37841796875 0.027099609375 0.06640625
13 0.44091796875 0.3779296875 0.0322265625 0.0693359375
4 0.638916015625 0.3779296875 0.03076171875 0.067626953125
8 0.4140625 0.3798828125 0.0263671875 0.06640625
8 0.667724609375 0.37841796875 0.029052734375 0.068115234375
5 0.69482421875 0.37841796875 0.0302734375 0.07421875
8 0.197265625 0.268310546875 0.023193359375 0.077392578125
3 0.138916015625 0.26416015625 0.032470703125 0.07080078125
2 0.169921875 0.266357421875 0.027099609375 0.07373046875
12 0.24072265625 0.378662109375 0.033447265625 0.070068359375
12 0.2822265625 0.263427734375 0.0263671875 0.069580078125
29 0.296875 0.37939453125 0.02880859375 0.063720703125
10 0.272705078125 0.381103515625 0.03515625 0.074951171875
3 0.35693359375 0.381591796875 0.029541015625 0.072998046875
0 0.609619140625 0.379150390625 0.0283203125 0.0625
8 0.66796875 0.375732421875 0.02734375 0.071533203125