29 0.298828125 0.378662109375 0.02685546875 0.06982421875
13 0.44091796875 0.379150390625 0.028076171875 0.07568359375
25 0.46826171875 0.378662109375 0.028076171875 0.076416015625
27 0.497314453125 0.378662109375 0.027099609375 0.068115234375
33 0.553466796875 0.37646484375 0.02587890625 0.068603515625
22 0.525390625 0.380859375 0.029296875 0.072265625
21 0.25146484375 0.266845703125 0.028564453125 0.072998046875
13 0.224365234375 0.267333984375 0.02685546875 0.07373046875
12 0.281982421875 0.263427734375 0.0234375 0.0693359375
27 0.311767578125 0.265380859375 0.030029296875 0.0732421875
3 0.138427734375 0.265869140625 0.032470703125 0.074462890625
3 0.35693359375 0.378662109375 0.029296875 0.068603515625
0 0.61083984375 0.3779296875 0.028564453125 0.0703125
0 0.581787109375 0.377197265625 0.029541015625 0.066650390625
4 0.638916015625 0.376708984375 0.02587890625 0.07275390625
8 0.6669921875 0.376708984375 0.029052734375 0.069580078125
5 0.6953125 0.375244140625 0.02783203125 0.072509765625
2 0.384521484375 0.380126953125 0.027099609375 0.0712890625
2 0.167236328125 0.26806640625 0.02783203125 0.076171875
8 0.196533203125 0.267578125 0.0263671875 0.07177734375
8 0.41259765625 0.379638671875 0.02587890625 0.0693359375
10 0.271728515625 0.38134765625 0.0302734375 0.070068359375
12 0.241943359375 0.378173828125 0.031982421875 0.0712890625
0 0.328125 0.378173828125 0.031494140625 0.069580078125