33 0.522705078125 0.53173828125 0.02490234375 0.0419921875
10 0.664306640625 0.328857421875 0.02392578125 0.071044921875
1 0.22021484375 0.345703125 0.016357421875 0.0517578125
1 0.193603515625 0.4384765625 0.012939453125 0.04345703125
1 0.44970703125 0.537353515625 0.01708984375 0.05029296875
1 0.586181640625 0.525390625 0.011474609375 0.050048828125
1 0.607421875 0.522216796875 0.0146484375 0.044921875
7 0.665771484375 0.434326171875 0.0205078125 0.0419921875
2 0.6552734375 0.5234375 0.02294921875 0.0380859375
2 0.5087890625 0.436767578125 0.028564453125 0.05615234375
2 0.3408203125 0.439697265625 0.03076171875 0.051513671875
2 0.497314453125 0.33544921875 0.033447265625 0.073486328125
8 0.241943359375 0.344970703125 0.02197265625 0.043701171875
8 0.20849609375 0.43603515625 0.01708984375 0.03759765625
3 0.535400390625 0.335205078125 0.0283203125 0.065185546875
8 0.475830078125 0.53759765625 0.029052734375 0.0517578125
7 0.63623046875 0.328857421875 0.023681640625 0.064208984375
0 0.60498046875 0.33056640625 0.0244140625 0.063720703125
1 0.56982421875 0.332275390625 0.026123046875 0.06982421875
2 0.712890625 0.43212890625 0.0146484375 0.03369140625