14 0.398681640625 0.293212890625 0.020263671875 0.04638671875
34 0.4228515625 0.295166015625 0.026611328125 0.052978515625
14 0.451171875 0.2939453125 0.024169921875 0.055419921875
4 0.475830078125 0.294921875 0.02587890625 0.066650390625
22 0.30908203125 0.29736328125 0.031005859375 0.05419921875
10 0.34326171875 0.300048828125 0.028564453125 0.05859375
3 0.3720703125 0.2958984375 0.025634765625 0.057373046875
16 0.48779296875 0.574462890625 0.031494140625 0.05419921875
24 0.44873046875 0.574462890625 0.03271484375 0.046875
23 0.373779296875 0.57177734375 0.025390625 0.0478515625
2 0.75537109375 0.580810546875 0.033203125 0.052490234375
8 0.76904296875 0.297119140625 0.02734375 0.05078125