14 0.397705078125 0.295654296875 0.0244140625 0.048828125
34 0.425048828125 0.294677734375 0.02392578125 0.048095703125
3 0.3720703125 0.296875 0.02197265625 0.048828125
2 0.7578125 0.583740234375 0.031982421875 0.052978515625
16 0.48779296875 0.572998046875 0.029296875 0.044677734375
23 0.42138671875 0.5712890625 0.027099609375 0.043701171875
14 0.3984375 0.57177734375 0.019287109375 0.04638671875
14 0.452880859375 0.296875 0.021240234375 0.05078125
4 0.4775390625 0.2958984375 0.024658203125 0.047607421875
22 0.308837890625 0.295654296875 0.03076171875 0.051513671875
10 0.343994140625 0.299072265625 0.0283203125 0.055419921875
23 0.375 0.572021484375 0.025390625 0.05126953125