22 0.410400390625 0.302490234375 0.023193359375 0.036376953125
35 0.4404296875 0.302001953125 0.0224609375 0.04345703125
25 0.468017578125 0.298583984375 0.024658203125 0.041259765625
5 0.410400390625 0.35986328125 0.016845703125 0.03564453125
0 0.453857421875 0.357177734375 0.0166015625 0.039306640625
8 0.5146484375 0.29736328125 0.015869140625 0.041748046875
3 0.44140625 0.4130859375 0.017333984375 0.044921875
3 0.51171875 0.3544921875 0.015869140625 0.041015625
0 0.47314453125 0.355224609375 0.01806640625 0.04443359375
0 0.5361328125 0.293212890625 0.01953125 0.0419921875
4 0.38818359375 0.3642578125 0.020263671875 0.038818359375
1 0.49951171875 0.298828125 0.01025390625 0.0458984375
2 0.383544921875 0.417724609375 0.01708984375 0.0390625
0 0.42333984375 0.41162109375 0.0166015625 0.041015625
2 0.49462890625 0.3564453125 0.0185546875 0.044677734375
0 0.55712890625 0.293212890625 0.016845703125 0.040771484375