21 0.137451171875 0.503662109375 0.043212890625 0.0849609375
19 0.19482421875 0.49951171875 0.038330078125 0.087890625
12 0.25244140625 0.495361328125 0.039794921875 0.090576171875
12 0.361572265625 0.503173828125 0.039794921875 0.1005859375
12 0.516357421875 0.502685546875 0.03369140625 0.090576171875
33 0.567138671875 0.50732421875 0.043212890625 0.090576171875
25 0.3076171875 0.497314453125 0.036376953125 0.088623046875
11 0.412353515625 0.501220703125 0.04248046875 0.096923828125
21 0.461181640625 0.50732421875 0.038330078125 0.099609375
1 0.6181640625 0.502685546875 0.031494140625 0.090576171875
19 0.360107421875 0.707275390625 0.017822265625 0.0439453125
12 0.382080078125 0.70751953125 0.0234375 0.044921875
26 0.4453125 0.704345703125 0.024658203125 0.040283203125
0 0.712646484375 0.504638671875 0.037841796875 0.088623046875
2 0.47998046875 0.41357421875 0.02001953125 0.0419921875
3 0.901611328125 0.50634765625 0.034423828125 0.090576171875
5 0.751953125 0.611572265625 0.019287109375 0.044921875
6 0.52392578125 0.414306640625 0.022705078125 0.0439453125
7 0.94580078125 0.504150390625 0.0322265625 0.087890625
9 0.406982421875 0.410400390625 0.0234375 0.046630859375
8 0.300537109375 0.61474609375 0.02197265625 0.04931640625
0 0.76220703125 0.503662109375 0.04150390625 0.087646484375
2 0.8525390625 0.51123046875 0.034912109375 0.090087890625
7 0.717529296875 0.611328125 0.017578125 0.045166015625
9 0.453857421875 0.41455078125 0.01806640625 0.044677734375
6 0.639404296875 0.4150390625 0.025634765625 0.04052734375
5 0.66650390625 0.413330078125 0.017822265625 0.04248046875
0 0.711669921875 0.416748046875 0.02197265625 0.034423828125
3 0.6875 0.614501953125 0.02587890625 0.040283203125
5 0.479248046875 0.705078125 0.0234375 0.04052734375
5 0.40234375 0.706298828125 0.015625 0.039306640625