21 0.139892578125 0.498779296875 0.04345703125 0.08740234375
21 0.462890625 0.508544921875 0.03857421875 0.097900390625
12 0.382568359375 0.706298828125 0.021484375 0.04345703125
12 0.515380859375 0.498291015625 0.033203125 0.09130859375
12 0.361328125 0.498779296875 0.03759765625 0.08740234375
12 0.251708984375 0.503173828125 0.03662109375 0.09765625
25 0.302978515625 0.498779296875 0.039794921875 0.09033203125
26 0.444091796875 0.704833984375 0.025390625 0.040771484375
19 0.363525390625 0.709228515625 0.01611328125 0.04296875
19 0.1962890625 0.503173828125 0.039794921875 0.0908203125
33 0.56640625 0.506103515625 0.036376953125 0.09326171875
11 0.41259765625 0.500732421875 0.03857421875 0.0927734375
1 0.6181640625 0.50341796875 0.028564453125 0.08935546875
1 0.6650390625 0.506103515625 0.023681640625 0.0869140625
0 0.71240234375 0.505859375 0.0361328125 0.09619140625
0 0.76123046875 0.50634765625 0.0390625 0.091064453125
2 0.85302734375 0.508544921875 0.04150390625 0.103271484375
3 0.90087890625 0.501953125 0.035888671875 0.086181640625
3 0.68994140625 0.606689453125 0.020751953125 0.042724609375
7 0.720947265625 0.61181640625 0.020263671875 0.04736328125
7 0.947021484375 0.507080078125 0.035888671875 0.091064453125
5 0.75146484375 0.607421875 0.02294921875 0.04248046875
8 0.30078125 0.616455078125 0.021728515625 0.056640625
1 0.444091796875 0.703125 0.02587890625 0.04736328125
5 0.478759765625 0.704833984375 0.022705078125 0.047119140625
5 0.4033203125 0.704833984375 0.0185546875 0.047119140625
0 0.4208984375 0.705810546875 0.01953125 0.046875
0 0.336181640625 0.61669921875 0.029541015625 0.045654296875
0 0.781494140625 0.612060546875 0.018798828125 0.0439453125