21 0.139892578125 0.50439453125 0.03564453125 0.0986328125
19 0.1982421875 0.50390625 0.04150390625 0.091552734375
12 0.25439453125 0.498779296875 0.04443359375 0.093994140625
12 0.515625 0.50634765625 0.038818359375 0.098388671875
33 0.56640625 0.505126953125 0.04248046875 0.081298828125
25 0.306396484375 0.49951171875 0.042724609375 0.10205078125
11 0.412841796875 0.500244140625 0.03564453125 0.093017578125
21 0.46044921875 0.505615234375 0.036376953125 0.09033203125
3 0.900146484375 0.506103515625 0.04052734375 0.08935546875
19 0.361083984375 0.70703125 0.01904296875 0.043701171875
26 0.444091796875 0.70458984375 0.02587890625 0.038818359375
12 0.3818359375 0.70703125 0.023193359375 0.041748046875
2 0.852783203125 0.5078125 0.03369140625 0.0927734375
5 0.667236328125 0.415283203125 0.019775390625 0.03857421875
6 0.642578125 0.41552734375 0.01953125 0.050537109375
8 0.301513671875 0.614013671875 0.0205078125 0.039306640625
9 0.455322265625 0.41455078125 0.0205078125 0.038330078125
6 0.522216796875 0.414306640625 0.0234375 0.04052734375
1 0.549560546875 0.41455078125 0.01611328125 0.037353515625
0 0.71142578125 0.41455078125 0.01806640625 0.0361328125
0 0.7509765625 0.610595703125 0.02392578125 0.046142578125
7 0.7177734375 0.608154296875 0.0224609375 0.037841796875
7 0.944091796875 0.50244140625 0.028564453125 0.072265625
5 0.478515625 0.703857421875 0.023193359375 0.04248046875
5 0.401611328125 0.708984375 0.017578125 0.0478515625
0 0.334716796875 0.611572265625 0.029541015625 0.044677734375