21 0.138671875 0.49951171875 0.048583984375 0.087158203125
19 0.194580078125 0.498046875 0.037841796875 0.088134765625
12 0.252197265625 0.49755859375 0.0419921875 0.08544921875
25 0.3056640625 0.49951171875 0.04296875 0.1025390625
12 0.361083984375 0.5009765625 0.039794921875 0.099609375
11 0.412353515625 0.49951171875 0.03955078125 0.098876953125
21 0.4638671875 0.504638671875 0.035400390625 0.095703125
12 0.51611328125 0.500732421875 0.03173828125 0.0859375
33 0.56396484375 0.501220703125 0.037353515625 0.08154296875
2 0.854736328125 0.512939453125 0.03369140625 0.093017578125
19 0.36083984375 0.70849609375 0.0166015625 0.042724609375
12 0.381591796875 0.709716796875 0.022216796875 0.041748046875
26 0.443359375 0.70458984375 0.023193359375 0.046630859375
6 0.523193359375 0.415283203125 0.023681640625 0.04150390625
1 0.66748046875 0.5078125 0.025634765625 0.094482421875
8 0.301025390625 0.615966796875 0.02783203125 0.04150390625
5 0.404296875 0.706298828125 0.013916015625 0.048095703125
6 0.638671875 0.413330078125 0.02490234375 0.04443359375
5 0.66796875 0.4130859375 0.020263671875 0.0458984375
9 0.4541015625 0.41259765625 0.022705078125 0.04296875
9 0.40673828125 0.412841796875 0.021484375 0.043701171875
7 0.720458984375 0.608642578125 0.016845703125 0.039306640625
7 0.94384765625 0.506591796875 0.036376953125 0.093994140625
3 0.901123046875 0.504638671875 0.030029296875 0.082763671875
3 0.686279296875 0.611328125 0.023681640625 0.046630859375
0 0.763427734375 0.504638671875 0.038330078125 0.09521484375
5 0.74951171875 0.6083984375 0.029052734375 0.04248046875
1 0.546875 0.41064453125 0.0166015625 0.04248046875