0 0.40183681718750003 0.638811809375 0.41870298437500003 0.7010216921875 0.7648639390625 0.7353270249999999 0.78204394375 0.6629839671875 0.40183681718750003 0.638811809375
0 0.5112352296875 0.6984747359375 0.49842328125 0.7686468750000001 0.750917765625 0.781627059375 0.7672276265625 0.7327947296875 0.5112352296875 0.6984747359375
0 0.218086209375 0.6663309921875 0.29862036875000003 0.6778923359375 0.2996138875 0.620381665625 0.23053884062500002 0.5990525203125 0.218086209375 0.6663309921875
0 0.2345649171875 0.7151579906250001 0.3007091671875 0.7270833765625 0.32557548125 0.67535604375 0.248331434375 0.6703047859375 0.2345649171875 0.7151579906250001
0 0.2488033109375 0.7325173375 0.25089210624999997 0.781708375 0.536203303125 0.8109597859375001 0.545961075 0.7653838328125 0.2488033109375 0.7325173375
0 0.253435453125 0.777729246875 0.2515155015625 0.8261975359375 0.5060424984375 0.8558156531250001 0.5085014218749999 0.803006859375 0.253435453125 0.777729246875
0 0.26479933125 0.8182379453124999 0.2583316703125 0.8703239890625 0.5421774640625 0.8948735156250001 0.56396146875 0.8514658171875 0.26479933125 0.8182379453124999
0 0.26452444218750004 0.8699612796875 0.266613234375 0.9191523171875 0.5205731203124999 0.9368343843750001 0.5474719484375 0.9017449843750001 0.26452444218750004 0.8699612796875
0 0.2735246359375 0.9130022734375001 0.2653837765625 0.9455567140625 0.491130946875 0.9759029124999999 0.5205731203124999 0.9368343843750001 0.2735246359375 0.9130022734375001
0 0.53768603125 0.9310443796874999 0.51554271875 0.9773457499999999 0.6292210468749999 0.993492021875 0.721225228125 0.99242145625 0.762686434375 0.9509013640624999 0.53768603125 0.9310443796874999
0 0.622711625 0.9064348640625 0.622588253125 0.940434809375 0.7295385515625 0.9538003609375 0.748599553125 0.9158186265625 0.622711625 0.9064348640625
0 0.7165296140625 0.9100366187500001 0.760900671875 0.8662635453125 0.6260969734375 0.8626684546875 0.61631105625 0.8919678515625 0.6190621968750001 0.90281844375 0.7165296140625 0.9100366187500001
0 0.6294823187499999 0.81890204375 0.6155080046875 0.8489255281249999 0.7596430703125 0.8763913875 0.78232535625 0.8257495125000001 0.6294823187499999 0.81890204375
0 0.6026224421874999 0.771161840625 0.6050705515625 0.817459209375 0.7515411624999999 0.8261162203125 0.7678510203125 0.7772838906249999 0.6026224421874999 0.771161840625