0 0.37513102656249997 0.649632265625 0.3982783140625 0.70732986875 0.743246284375 0.66334426875 0.75261343125 0.587968959375 0.37513102656249997 0.649632265625
0 0.4892647109375 0.6839900046875 0.4839779125 0.756236484375 0.7343411828125 0.7122489859375001 0.7453121296874999 0.6603092625 0.4892647109375 0.6839900046875
0 0.1968022015625 0.7181831640625 0.277433715625 0.7114889046874999 0.2723913 0.6544174453125 0.2020376609375 0.6488778625 0.1968022015625 0.7181831640625
0 0.21816600468749997 0.7627393015624999 0.28464465156249996 0.759643009375 0.30375061875 0.7029162125 0.2270454375 0.7153051687499999 0.21816600468749997 0.7627393015624999
0 0.2340253453125 0.77669456875 0.241236278125 0.82484866875 0.5256664453125001 0.7895602328125 0.530516865625 0.7423137546875 0.2340253453125 0.77669456875
0 0.24332779375000002 0.8203430781250001 0.24650971562500001 0.8686848359375 0.5006196359375 0.8406861578125 0.4975147203125 0.7879326328125 0.24332779375000002 0.8203430781250001
0 0.25877642968750003 0.8578277546875 0.25785233750000003 0.9107689328124999 0.5403450015625 0.87116255625 0.5572824562500001 0.8233531171875 0.25877642968750003 0.8578277546875
0 0.2639215203125 0.9090168609375 0.2711324515625 0.957170965625 0.5234332234375 0.917501409375 0.5462858390625 0.87676343125 0.2639215203125 0.9090168609375
0 0.2773043125 0.9495365453125 0.27268491093749997 0.9835477265625 0.498489090625 0.9627449796875001 0.5234332234375 0.917501409375 0.2773043125 0.9495365453125
0 0.539703271875 0.9079272640625 0.5227144859374999 0.9586778796875001 0.7162352546874999 0.942317540625 0.763672634375 0.8769242265624999 0.539703271875 0.9079272640625
0 0.62097651875 0.8644682984375001 0.6244151375 0.898104175 0.731286546875 0.8872489859374999 0.7461068156249999 0.845415728125 0.62097651875 0.8644682984375001
0 0.71387474375 0.8469169609374999 0.7530487531250001 0.793663659375 0.6197320921875 0.820444478125 0.6131495234375001 0.8516083125 0.616998846875 0.8617147765625001 0.71387474375 0.8469169609374999
0 0.6184876625 0.776420659375 0.60785041875 0.8092427359375 0.75286906875 0.8039577765624999 0.7699348625 0.74879539375 0.6184876625 0.776420659375
0 0.587 0.735274834375 0.594262271875 0.7804877593749999 0.739614621875 0.756085153125 0.7505855640625 0.7041454296875 0.587 0.735274834375