0 0.3712451921875 0.6766495765625 0.3940501140625 0.7360357625 0.7391807078125 0.7161124546875001 0.7489843703125 0.64130000625 0.3712451921875 0.6766495765625
0 0.48514778124999997 0.7190280796875 0.47944158437500006 0.7909931296875 0.72999315625 0.7644543109375 0.741263671875 0.7132181640625 0.48514778124999997 0.7190280796875
0 0.19256544375 0.7328175421875 0.273214075 0.7317518875 0.268505465625 0.6742582828125 0.19820318125 0.66379366875 0.19256544375 0.7328175421875
0 0.2136639140625 0.7789215453125 0.2801425609375 0.780468853125 0.299573775 0.7250084921875 0.22281723750000001 0.7320502734375001 0.2136639140625 0.7789215453125
0 0.2294376640625 0.7940025328125 0.23636614687500002 0.8427194953124999 0.5209246984375 0.827271896875 0.5260490109375 0.78030685 0.2294376640625 0.7940025328125
0 0.2384833390625 0.8383546187500001 0.24138281093749997 0.8869778078125 0.49558687968750004 0.8767092390625001 0.49279009374999994 0.8236742843749999 0.2384833390625 0.8383546187500001
0 0.2537094375 0.8769650171875 0.2524772171875 0.9299061953125 0.5351239453125001 0.9099999406249999 0.5523352906250001 0.8633162234375 0.2537094375 0.8769650171875
0 0.258554959375 0.92857626875 0.265483440625 0.977293234375 0.5179468359375 0.9552130734375 0.541030546875 0.9160229609374999 0.258554959375 0.92857626875
0 0.43756643281249996 1 0.4927459296875 0.9987680609374999 0.5179468359375 0.9552130734375 0.271698096875 0.9700809593749999 0.267425965625 1 0.43756643281249996 1
0 0.5342682375 0.9467646484375001 0.5169884421875001 0.99638954375 0.7105520078125 0.993537859375 0.758357428125 0.93138099375 0.5342682375 0.9467646484375001
0 0.61577258125 0.908934290625 0.6190143406249999 0.942851596875 0.7259199859375001 0.9394543109375 0.7409799109375 0.898606059375 0.61577258125 0.908934290625
0 0.7087478390624999 0.89785585 0.748221415625 0.8472761359375 0.6147849265625001 0.8647697546875 0.60802261875 0.89551144375 0.611812028125 0.9058993375 0.7087478390624999 0.89785585
0 0.6137972703125001 0.8206052203124999 0.6029717265625 0.8527237218750001 0.7479818171875 0.857570253125 0.7653642984375 0.8035335921875 0.6137972703125001 0.8206052203124999
0 0.5825578234375001 0.777207953125 0.5895547624999999 0.8229837390625001 0.7350098203125001 0.8087126234375001 0.7462803328125001 0.7574764765625 0.5825578234375001 0.777207953125