30 0.15576171875 0.1103515625 0.05419921875 0.104248046875
10 0.21435546875 0.11181640625 0.0498046875 0.10009765625
26 0.296142578125 0.11083984375 0.05712890625 0.103515625
27 0.3544921875 0.11083984375 0.049072265625 0.100341796875
20 0.411376953125 0.109619140625 0.0478515625 0.097412109375
14 0.708740234375 0.0986328125 0.04052734375 0.10546875
7 0.515380859375 0.094970703125 0.046630859375 0.098388671875
4 0.61474609375 0.103271484375 0.03955078125 0.104248046875
8 0.76025390625 0.096923828125 0.0498046875 0.100341796875
4 0.465087890625 0.09716796875 0.0439453125 0.10595703125
8 0.564453125 0.09521484375 0.051025390625 0.105224609375
7 0.66259765625 0.07861328125 0.046630859375 0.07177734375
1 0.806640625 0.096435546875 0.03564453125 0.100341796875
9 0.856201171875 0.096923828125 0.0595703125 0.099609375