30 0.156005859375 0.107666015625 0.056640625 0.1015625
10 0.214111328125 0.107666015625 0.0517578125 0.104736328125
26 0.295166015625 0.10791015625 0.063232421875 0.10693359375
27 0.35498046875 0.108154296875 0.0498046875 0.095947265625
20 0.41259765625 0.111328125 0.0498046875 0.10888671875
14 0.709716796875 0.099609375 0.052001953125 0.11279296875
7 0.514892578125 0.095703125 0.051513671875 0.107666015625
7 0.661376953125 0.095458984375 0.0498046875 0.1025390625
9 0.854248046875 0.096435546875 0.056884765625 0.099609375
8 0.756591796875 0.09619140625 0.048583984375 0.099365234375
8 0.5634765625 0.097900390625 0.046630859375 0.1083984375
4 0.6123046875 0.097412109375 0.046875 0.109619140625
4 0.466552734375 0.09716796875 0.045166015625 0.10107421875