30 0.156005859375 0.105712890625 0.05615234375 0.111328125
10 0.216064453125 0.109375 0.05322265625 0.10791015625
26 0.2978515625 0.111572265625 0.061767578125 0.11376953125
27 0.3564453125 0.109375 0.05419921875 0.11376953125
20 0.408203125 0.106201171875 0.048583984375 0.1044921875
14 0.709228515625 0.097412109375 0.048583984375 0.10546875
4 0.610595703125 0.098876953125 0.05126953125 0.103759765625
1 0.806396484375 0.0986328125 0.035400390625 0.10009765625
9 0.854736328125 0.098876953125 0.054443359375 0.100830078125
7 0.512939453125 0.098388671875 0.046142578125 0.0986328125
7 0.660400390625 0.097900390625 0.043701171875 0.103515625
8 0.75927734375 0.09716796875 0.046875 0.107421875
8 0.5615234375 0.097900390625 0.048828125 0.103515625
4 0.467529296875 0.097412109375 0.041015625 0.096923828125