30 0.36181640625 0.536865234375 0.035888671875 0.038330078125
28 0.40185546875 0.5361328125 0.034423828125 0.037109375
10 0.4423828125 0.534423828125 0.036865234375 0.0361328125
27 0.37548828125 0.415771484375 0.033447265625 0.028076171875
27 0.328857421875 0.38232421875 0.030517578125 0.029052734375
13 0.337158203125 0.418701171875 0.02783203125 0.032470703125
28 0.289794921875 0.38427734375 0.028564453125 0.029296875
1 0.4658203125 0.48828125 0.02978515625 0.0341796875
8 0.564453125 0.410888671875 0.0283203125 0.0322265625
4 0.3662109375 0.382080078125 0.02734375 0.033203125
6 0.503662109375 0.487060546875 0.03271484375 0.037353515625
6 0.53857421875 0.484130859375 0.031982421875 0.03515625
6 0.57421875 0.48095703125 0.03662109375 0.037841796875
3 0.313720703125 0.493896484375 0.031005859375 0.033935546875
3 0.490966796875 0.412841796875 0.032470703125 0.029052734375
8 0.526123046875 0.41162109375 0.03369140625 0.032958984375
5 0.454345703125 0.413330078125 0.0390625 0.034912109375
0 0.417236328125 0.4169921875 0.03759765625 0.031494140625
9 0.3017578125 0.42041015625 0.033203125 0.029541015625
1 0.3544921875 0.49267578125 0.02880859375 0.038818359375
0 0.39306640625 0.491455078125 0.033447265625 0.03564453125