8 0.339111328125 0.419189453125 0.0322265625 0.028076171875
27 0.376220703125 0.416748046875 0.03076171875 0.02734375
28 0.289794921875 0.385498046875 0.027587890625 0.027587890625
28 0.401611328125 0.53564453125 0.03125 0.033447265625
30 0.36279296875 0.536376953125 0.03466796875 0.033447265625
10 0.444091796875 0.53515625 0.034423828125 0.03515625
27 0.32666015625 0.382568359375 0.02978515625 0.03271484375
5 0.45458984375 0.414306640625 0.03466796875 0.03466796875
3 0.3125 0.494873046875 0.03466796875 0.03564453125
6 0.503173828125 0.48583984375 0.03173828125 0.036376953125
6 0.54052734375 0.4833984375 0.031982421875 0.03466796875
6 0.576171875 0.484130859375 0.036865234375 0.0361328125
8 0.5625 0.40966796875 0.031005859375 0.0283203125
8 0.5263671875 0.4130859375 0.032958984375 0.0302734375
3 0.4912109375 0.412841796875 0.031494140625 0.030029296875
4 0.365234375 0.382080078125 0.03271484375 0.03466796875
0 0.41796875 0.416015625 0.033935546875 0.0322265625
9 0.301025390625 0.421142578125 0.03173828125 0.036376953125
1 0.353759765625 0.492919921875 0.031005859375 0.0361328125
1 0.4677734375 0.4873046875 0.02783203125 0.03955078125
0 0.39306640625 0.49072265625 0.031005859375 0.035888671875