28 0.289306640625 0.385009765625 0.0322265625 0.02685546875
27 0.3271484375 0.384765625 0.03515625 0.030517578125
13 0.338134765625 0.417724609375 0.033447265625 0.033203125
27 0.375732421875 0.416015625 0.033447265625 0.0322265625
30 0.3623046875 0.5380859375 0.033935546875 0.039306640625
28 0.400390625 0.537109375 0.03271484375 0.03662109375
10 0.44091796875 0.53515625 0.03515625 0.03271484375
13 0.315673828125 0.334228515625 0.049560546875 0.040771484375
27 0.367919921875 0.330810546875 0.046630859375 0.045166015625
0 0.3935546875 0.4912109375 0.031005859375 0.0322265625
1 0.465576171875 0.48828125 0.030517578125 0.03271484375
2 0.4443359375 0.2099609375 0.044189453125 0.033447265625
3 0.491455078125 0.4130859375 0.03466796875 0.03173828125
4 0.367431640625 0.38232421875 0.0322265625 0.029052734375
5 0.48193359375 0.328857421875 0.052490234375 0.046142578125
6 0.505615234375 0.486328125 0.0322265625 0.033447265625
6 0.578369140625 0.483154296875 0.035888671875 0.033935546875
7 0.63037109375 0.27490234375 0.04541015625 0.035400390625
8 0.561767578125 0.411376953125 0.033447265625 0.029052734375
9 0.260986328125 0.3369140625 0.052978515625 0.041259765625