33 0.482666015625 0.503662109375 0.041015625 0.104248046875
33 0.64208984375 0.388671875 0.03369140625 0.098876953125
19 0.33837890625 0.48291015625 0.028076171875 0.110595703125
8 0.670654296875 0.521240234375 0.024658203125 0.091552734375
5 0.569580078125 0.383544921875 0.03125 0.096435546875
2 0.503662109375 0.37548828125 0.029296875 0.09814453125
25 0.765625 0.652587890625 0.03125 0.10205078125
29 0.60400390625 0.39111328125 0.03662109375 0.096923828125
27 0.68212890625 0.4013671875 0.033935546875 0.10205078125
12 0.723388671875 0.406494140625 0.0322265625 0.0986328125
15 0.468017578125 0.368408203125 0.0322265625 0.089111328125
33 0.482666015625 0.49951171875 0.0419921875 0.09619140625
6 0.279052734375 0.4775390625 0.0283203125 0.09814453125
6 0.76025390625 0.534423828125 0.029541015625 0.091552734375
5 0.72802734375 0.530029296875 0.03369140625 0.09765625
3 0.6982421875 0.5263671875 0.02587890625 0.103759765625
0 0.639404296875 0.521240234375 0.025390625 0.092041015625
0 0.580078125 0.513671875 0.0224609375 0.0908203125
9 0.30908203125 0.482177734375 0.025390625 0.100830078125