12 0.333251953125 0.302001953125 0.03564453125 0.057373046875
33 0.42236328125 0.386962890625 0.0361328125 0.06005859375
27 0.3671875 0.383544921875 0.0322265625 0.05908203125
33 0.423583984375 0.38232421875 0.0302734375 0.0546875
1 0.394287109375 0.38623046875 0.0185546875 0.0576171875
1 0.518798828125 0.3818359375 0.025634765625 0.053466796875
1 0.544189453125 0.37890625 0.025146484375 0.053466796875
1 0.402587890625 0.2939453125 0.0166015625 0.061279296875
1 0.574951171875 0.65380859375 0.021728515625 0.069580078125
7 0.42822265625 0.288818359375 0.02978515625 0.065673828125
7 0.511474609375 0.64306640625 0.029052734375 0.062255859375
4 0.444091796875 0.643310546875 0.030029296875 0.058349609375
0 0.412109375 0.644287109375 0.029052734375 0.060791015625
0 0.581787109375 0.373291015625 0.041015625 0.057861328125
0 0.490966796875 0.382080078125 0.03515625 0.059814453125
5 0.46630859375 0.288330078125 0.035888671875 0.068603515625
6 0.608154296875 0.650634765625 0.034912109375 0.070068359375
9 0.544677734375 0.64990234375 0.0283203125 0.06103515625
3 0.3818359375 0.63916015625 0.026611328125 0.056884765625