12 0.33349609375 0.301025390625 0.03564453125 0.05859375
27 0.366943359375 0.38427734375 0.032470703125 0.06201171875
33 0.423583984375 0.382080078125 0.034912109375 0.05615234375
4 0.4443359375 0.6435546875 0.02685546875 0.057373046875
7 0.513427734375 0.644287109375 0.02978515625 0.05908203125
9 0.54638671875 0.652587890625 0.02783203125 0.0634765625
6 0.604736328125 0.651123046875 0.0361328125 0.05908203125
1 0.57373046875 0.650146484375 0.021484375 0.05712890625
0 0.412109375 0.642333984375 0.02978515625 0.054931640625
0 0.38330078125 0.641357421875 0.025146484375 0.05908203125
7 0.4296875 0.28662109375 0.02783203125 0.049072265625
5 0.463623046875 0.287841796875 0.037353515625 0.057373046875
1 0.5185546875 0.380859375 0.021484375 0.0673828125