12 0.33349609375 0.298828125 0.0380859375 0.056640625
33 0.425048828125 0.381591796875 0.03125 0.05810546875
27 0.367919921875 0.383544921875 0.02978515625 0.056396484375
1 0.544921875 0.373291015625 0.02099609375 0.052734375
7 0.51171875 0.646484375 0.027587890625 0.055419921875
6 0.6064453125 0.650634765625 0.033447265625 0.066162109375
5 0.466552734375 0.2900390625 0.035400390625 0.06005859375
4 0.443115234375 0.643310546875 0.031005859375 0.05810546875
0 0.579833984375 0.37451171875 0.033203125 0.06298828125
7 0.4296875 0.287109375 0.028076171875 0.065673828125
1 0.399169921875 0.28955078125 0.01904296875 0.056640625
3 0.383544921875 0.6396484375 0.025390625 0.061279296875
0 0.49169921875 0.381591796875 0.03369140625 0.06591796875
9 0.5458984375 0.64892578125 0.028076171875 0.064453125
1 0.57275390625 0.6513671875 0.024169921875 0.072998046875