0 0.3617119421875 0.0942834875 0.3576696578125 0.20589969687499998 0.508071278125 0.233109915625 0.5047898625 0.12376164999999999 0.3617119421875 0.0942834875
0 0.5959507796875 0.1469514984375 0.5865591140624999 0.266913015625 0.7369348765625 0.2955944046875 0.7420677203125 0.1811321953125 0.5959507796875 0.1469514984375
0 0.112938853125 0.15815293749999998 0.110012971875 0.26545198281250004 0.5171205343749999 0.36951729843750003 0.502463396875 0.2561669203125 0.112938853125 0.15815293749999998
0 0.548250653125 0.2559924859375 0.546182684375 0.373686059375 0.6402016781250001 0.4118766421875 0.64450245625 0.28554873281250004 0.548250653125 0.2559924859375
0 0.7483881546875 0.295183003125 0.7317244890625 0.41447012031249997 0.9659633265625001 0.46713813125000003 0.9931706625000001 0.3399874265625 0.7483881546875 0.295183003125
0 0.1912086609375 0.382025953125 0.19463055468749998 0.3057178171875 0.1097544765625 0.280163675 0.10277657031250001 0.3811926734375 0.1912086609375 0.382025953125
0 0.22182178125 0.2979245359375 0.21063674687499997 0.40151050312500003 0.383453771875 0.4558501453125 0.41222183125 0.358315515625 0.22182178125 0.2979245359375
0 0.42479151249999997 0.35358695 0.4239433484375 0.46107868124999996 0.6104206140625 0.5078437578125 0.6267999359374999 0.40473950781249995 0.42479151249999997 0.35358695
0 1 0.46630702812499997 0.644486353125 0.4049061625 0.6444960953125001 0.5227924234375 1 0.5757804671875 1 0.46630702812499997
0 0.09880208593749999 0.370509115625 0.099147878125 0.46927017031249996 0.27295206250000004 0.5266484953125 0.286188959375 0.42472638281249997 0.09880208593749999 0.370509115625
0 0.4062827765625 0.4594408546875 0.40218879531249996 0.5739994015625001 0.5326970296875 0.6082061265625 0.5595166218750001 0.503122965625 0.4062827765625 0.4594408546875
0 0.5783194468749999 0.4989724546875 0.5752643171875 0.6136273484375 0.6706582109375 0.6327890625 0.693348225 0.5258493640624999 0.5783194468749999 0.4989724546875
0 0.721268115625 0.535806459375 0.7194069421875 0.641730678125 0.809709953125 0.654526003125 0.8270505796875 0.5559316046875 0.721268115625 0.535806459375
0 0.8312060078125001 0.556316975 0.82516355625 0.6633269921875 0.9702933406250001 0.6944690046875001 0.9960740734375 0.5892894984375 0.8312060078125001 0.556316975
0 0.0989927796875 0.478097184375 0.10242929062499999 0.5786184375000001 0.26184457499999997 0.62582094375 0.27900425625 0.5375247375 0.0989927796875 0.478097184375
0 0.543008053125 0.6135830624999999 0.5380044578125001 0.7206894203124999 0.6915484937499999 0.746717496875 0.7130187015625 0.6499796421874999 0.543008053125 0.6135830624999999
0 0.58062344375 0.7231683015625 0.5589464375000001 0.8316755203125 0.705166778125 0.8599715328125 0.727934340625 0.748618321875 0.58062344375 0.7231683015625
0 0.746262125 0.6530626078124999 0.741594578125 0.7410437609375 0.9528751609375 0.7974769109375 0.9742678203124999 0.7051525609375 0.746262125 0.6530626078124999
0 0.43963298437500004 0.8117690890624999 0.48715216406249995 0.7130262875 0.25841780625 0.6431859546875 0.24419375 0.7420693828125 0.23998662343750002 0.7446263484375 0.43963298437500004 0.8117690890624999
0 0.739361765625 0.749678090625 0.7299700984374999 0.86963960625 0.8898765281250001 0.8888898953125001 0.9444350578125 0.80406201875 0.739361765625 0.749678090625