17 0.214599609375 0.3486328125 0.028564453125 0.048583984375
21 0.24169921875 0.34375 0.02587890625 0.06005859375
25 0.29638671875 0.40283203125 0.02587890625 0.0537109375
11 0.244873046875 0.403564453125 0.029052734375 0.05224609375
28 0.21630859375 0.406005859375 0.02587890625 0.051513671875
14 0.468017578125 0.4013671875 0.023193359375 0.05078125
23 0.63818359375 0.3974609375 0.018798828125 0.050048828125
24 0.61669921875 0.394287109375 0.017822265625 0.043701171875
12 0.598388671875 0.393798828125 0.0166015625 0.0458984375
27 0.674072265625 0.39453125 0.01708984375 0.050048828125
25 0.69580078125 0.394775390625 0.018798828125 0.0478515625
11 0.377685546875 0.66455078125 0.02197265625 0.052978515625
28 0.352294921875 0.667236328125 0.0224609375 0.051513671875
28 0.32666015625 0.66796875 0.02197265625 0.04736328125
16 0.2763671875 0.62109375 0.025146484375 0.0478515625
15 0.222900390625 0.627197265625 0.0224609375 0.055908203125
27 0.275146484375 0.6787109375 0.025146484375 0.04443359375
30 0.22119140625 0.6826171875 0.024658203125 0.04931640625
25 0.511962890625 0.5478515625 0.023193359375 0.050048828125
28 0.5341796875 0.54345703125 0.02099609375 0.052978515625
13 0.556884765625 0.544189453125 0.021484375 0.050048828125
27 0.594482421875 0.543212890625 0.01708984375 0.045166015625
27 0.614501953125 0.538818359375 0.017822265625 0.05224609375
23 0.63525390625 0.53515625 0.0205078125 0.060791015625
0 0.467529296875 0.346435546875 0.0263671875 0.0458984375
1 0.5107421875 0.34765625 0.01708984375 0.05517578125
3 0.6171875 0.34521484375 0.018798828125 0.048583984375
4 0.534423828125 0.3486328125 0.0205078125 0.050048828125
5 0.640380859375 0.34375 0.019775390625 0.04736328125
6 0.700439453125 0.345458984375 0.02099609375 0.0478515625
8 0.29345703125 0.346435546875 0.02734375 0.050048828125
9 0.5546875 0.346923828125 0.02587890625 0.04931640625