17 0.212158203125 0.348876953125 0.032470703125 0.049560546875
21 0.242431640625 0.35107421875 0.02392578125 0.052001953125
25 0.29638671875 0.4052734375 0.025634765625 0.06201171875
11 0.2431640625 0.409423828125 0.028076171875 0.053955078125
28 0.216552734375 0.4052734375 0.025146484375 0.052734375
16 0.276611328125 0.621826171875 0.02880859375 0.051513671875
28 0.327392578125 0.668212890625 0.02587890625 0.056396484375
28 0.3525390625 0.665771484375 0.021484375 0.054931640625
11 0.379150390625 0.66259765625 0.02587890625 0.0517578125
15 0.2197265625 0.62451171875 0.024658203125 0.04296875
13 0.25146484375 0.678955078125 0.028564453125 0.04931640625
14 0.466552734375 0.401123046875 0.02197265625 0.044677734375
13 0.493896484375 0.40087890625 0.023193359375 0.04541015625
25 0.695068359375 0.394287109375 0.020263671875 0.04736328125
27 0.671630859375 0.39404296875 0.019775390625 0.04541015625
23 0.63623046875 0.395263671875 0.018310546875 0.049560546875
24 0.616455078125 0.39501953125 0.01953125 0.048828125
12 0.59521484375 0.39599609375 0.02099609375 0.03857421875
25 0.5126953125 0.546630859375 0.018310546875 0.04931640625
28 0.532958984375 0.54541015625 0.0205078125 0.05224609375
13 0.55810546875 0.54443359375 0.025146484375 0.04736328125
27 0.613525390625 0.5390625 0.016845703125 0.045654296875
23 0.634765625 0.535888671875 0.017822265625 0.043701171875
27 0.594482421875 0.539794921875 0.018798828125 0.04638671875
8 0.294921875 0.346923828125 0.02294921875 0.047607421875
1 0.322021484375 0.347412109375 0.020751953125 0.049560546875
1 0.322509765625 0.403076171875 0.016357421875 0.04638671875
7 0.489501953125 0.345458984375 0.017333984375 0.048583984375
5 0.443359375 0.34423828125 0.02099609375 0.05029296875
9 0.5556640625 0.347412109375 0.0224609375 0.046875
6 0.6982421875 0.347900390625 0.01904296875 0.045166015625
5 0.637939453125 0.345947265625 0.01806640625 0.045166015625
3 0.614990234375 0.34326171875 0.020263671875 0.04248046875
4 0.531982421875 0.3427734375 0.01708984375 0.0439453125
1 0.5107421875 0.345947265625 0.015380859375 0.05126953125