0 0.35990502841959426 0.1714370180417138 0.3036004419114116 0.1282994848837217
0 0.2356378116130733 0.2262771074935407 0.07611405933798814 0.08106832973421944
0 0.32754096908160607 0.24629731569767532 0.07850535352912935 0.0921059592838688
0 0.5294344331888347 0.2859267219269117 0.24926813942190088 0.12948245064599542
0 0.3575701659673952 0.3369316101144344 0.34242614357108564 0.12767772362495472
0 0.222708991277423 0.3761769779438914 0.09209425684847723 0.0867571252307127
0 0.2124450748858205 0.43910777452011873 0.09678175684847723 0.08705751387966063
0 0.20495096098372895 0.5069263301956448 0.10494945435896633 0.09224566162790726
0 0.18591569583688197 0.5716501642488009 0.08716995850815121 0.08333173658176474
0 0.2468280398182417 0.6587682348837217 0.20842965186945542 0.1035417119047624
0 0.5697606674172877 0.447874811840164 0.08705155933798814 0.08176923658176456
0 0.5505478035151962 0.5149423958933201 0.08693316016782511 0.08020673658176473
0 0.5428168912727787 0.5858859515688462 0.0982258576783142 0.08559514342931003
0 0.5360923719767466 0.6435482572443721 0.10674875269929238 0.09547079117755661
0 0.4873696068298997 0.7063696298541912 0.15975535352912934 0.09731269586563336
0 0.37249550372497764 0.40932704425987554 0.15554145020978147 0.10326230721668547
0 0.3537678918974785 0.4803509430878563 0.15445254689043358 0.10941217766703612
0 0.3321520784103055 0.5480495828165385 0.17897895020978138 0.10476425046142523
0 0.3040970107739475 0.6074851395717986 0.10364706348717308 0.07505816162790727