0 0.31579192021222235 0.16411454138499426 0.29429682028847226 0.10082841233587007
0 0.2106881525447919 0.2506646549946579 0.06733427678548613 0.07572917549789597
0 0.30438360115802104 0.24504708285480653 0.06915134992375008 0.08672123920022683
0 0.5104153956109376 0.22846967414713357 0.23822865824437506 0.10667661905195924
0 0.3586002821038198 0.32368794882672286 0.3332138499237501 0.0959425048941414
0 0.2391248899113545 0.39744788575736417 0.08303201196784729 0.07939981252120454
0 0.24608471114975733 0.46131941279920613 0.08771951196784729 0.0795635036281972
0 0.257005333774931 0.527398280585221 0.09560474715020835 0.08296132213985138
0 0.2562253901956949 0.5946676261387174 0.07827177678548622 0.07611112141421188
0 0.33833068179882 0.6621700954686782 0.20021951196784737 0.08349209019601869
0 0.5927401991819101 0.37258920717942534 0.07823540919430556 0.07454862141421197
0 0.5927960569894448 0.4421750208817562 0.07819904160312507 0.07298612141421187
0 0.6038075985925699 0.512160138667771 0.08924564437666689 0.07805556733052796
0 0.6129656994662505 0.5696998201561169 0.0972399823325695 0.08614088584218216
0 0.5826073586605561 0.6426933760538993 0.15181837955902786 0.08336311542376222
0 0.3921771547289934 0.38897564292894027 0.14571384992374997 0.08939486061443871
0 0.39310518151447954 0.4624404247801057 0.1442968202884723 0.09559029691210785
0 0.3908354731176046 0.5328893340359329 0.1691149823325695 0.08865081614940155
0 0.3798265443560075 0.5973883436545797 0.09524107123840278 0.06733632213985138