17 0.2158203125 0.344970703125 0.026123046875 0.0595703125
21 0.242919921875 0.3505859375 0.02294921875 0.057373046875
28 0.216552734375 0.4052734375 0.024658203125 0.053955078125
11 0.244384765625 0.406005859375 0.026123046875 0.053955078125
25 0.29443359375 0.40283203125 0.027587890625 0.058837890625
28 0.353759765625 0.664794921875 0.0224609375 0.053955078125
28 0.3271484375 0.669189453125 0.023681640625 0.048828125
16 0.2763671875 0.621337890625 0.027099609375 0.048828125
15 0.219482421875 0.62890625 0.023681640625 0.041015625
5 0.44384765625 0.343505859375 0.020751953125 0.047119140625
14 0.46826171875 0.398681640625 0.019775390625 0.044677734375
12 0.596923828125 0.39990234375 0.0205078125 0.05078125
24 0.616455078125 0.396728515625 0.015380859375 0.04833984375
23 0.63916015625 0.395263671875 0.02197265625 0.047607421875
27 0.61376953125 0.5419921875 0.0185546875 0.06201171875
23 0.63623046875 0.53955078125 0.02197265625 0.05322265625
25 0.51220703125 0.5439453125 0.02001953125 0.058349609375
28 0.53369140625 0.543701171875 0.01611328125 0.04833984375