0 0.1113448515625 0.32871092968750004 0.166864584375 0.31272642031250003 0.1691464828125 0.24588411875 0.11070739062499999 0.25350848593749997 0.1113448515625 0.32871092968750004
0 0.1171435984375 0.32132812187500004 0.13170745156250002 0.39478412500000004 0.259665596875 0.36187663593749997 0.28551415625 0.2835006109375 0.1171435984375 0.32132812187500004
0 0.19630291718749998 0.2862577109375 0.243031609375 0.27684803593749996 0.25706388750000003 0.235894146875 0.19452450937500002 0.24447641406249998 0.19630291718749998 0.2862577109375
0 0.2783016453125 0.2113412484375 0.30627435468750003 0.2801576671875 0.6872693984375 0.197178140625 0.6797981234375 0.1235722046875 0.2783016453125 0.2113412484375
0 0.443872765625 0.2374628875 0.4551855625 0.30866434531250003 0.6994314234375001 0.265167146875 0.698462265625 0.19607030625 0.443872765625 0.2374628875
0 0.11737643125 0.410188340625 0.1182726609375 0.4868373609375 0.45054180781250003 0.39414274374999997 0.44794712187499997 0.323918625 0.11737643125 0.410188340625
0 0.1286162984375 0.4889419734375 0.1366051046875 0.5654410609375 0.42402985624999995 0.48472996718749994 0.4434492296875 0.3942926765625 0.1286162984375 0.4889419734375
0 0.13745433437500001 0.5622286062499999 0.15331202187499998 0.6429174890625 0.4967740359375 0.549115034375 0.47389670156249997 0.46102391562499995 0.13745433437500001 0.5622286062499999
0 0.5193504671875 0.30120934843749997 0.5223897578125001 0.38187879062499996 0.7313585578125 0.3481300078125 0.72070915625 0.26471735 0.5193504671875 0.30120934843749997
0 0.5538252953125 0.3745348546875 0.5642888640625 0.44894876406249995 0.75009563125 0.41307593125000003 0.7480914078125 0.338192790625 0.5538252953125 0.3745348546875
0 0.5829060046875 0.4415853921875 0.5910806453124999 0.5270832296875 0.7675788453125 0.494892084375 0.7713733671874999 0.41262613437500006 0.5829060046875 0.4415853921875
0 0.1563442875 0.667828553125 0.1666619921875 0.7573468140624999 0.49885821249999995 0.6722043734375001 0.4893168015625 0.5870258359375 0.1563442875 0.667828553125
0 0.61317465625 0.5550762515625001 0.6156964171875 0.632852540625 0.788021396875 0.609171478125 0.7812864453125 0.5158021640625 0.61317465625 0.5550762515625001
0 0.1714656515625 0.7682808062500001 0.18887593125 0.85764913125 0.48745357343749995 0.7517271062499999 0.47562325000000005 0.6776324984375 0.1714656515625 0.7682808062500001