0 0.23639639843750002 0.14935379531249998 0.24675777499999998 0.26009215625 0.3980994015625 0.2453420453125 0.3808299953125 0.138850715625 0.23639639843750002 0.14935379531249998
0 0.47342080624999994 0.136488153125 0.47959545937500003 0.2568979828125 0.6311006140625001 0.24359990781250002 0.6214457578125 0.12976562187500001 0.47342080624999994 0.136488153125
0 0.000051651562500000006 0.2806844515625 0.010956009375 0.3868748578125 0.42451391406249994 0.376818903125 0.39554801093749997 0.2695338640625 0.000051651562500000006 0.2806844515625
0 0.4405351484375 0.2567363015625 0.45361782812499996 0.37289910000000004 0.55094473125 0.384481340625 0.53894801875 0.25922262812499997 0.4405351484375 0.2567363015625
0 0.6423065171875 0.24003750625000003 0.6412460734375001 0.36179029375 0.8782704828125001 0.34892465 0.8886855765625 0.2165411453125 0.6423065171875 0.24003750625000003
0 0.1057442875 0.478977346875 0.099307715625 0.4030878265625 0.012591343750000001 0.401395203125 0.018707234375 0.5025448734375 0.1057442875 0.478977346875
0 0.1250361890625 0.387935446875 0.1273448046875 0.4927565953125 0.3042053640625 0.4984703515625 0.31995830000000003 0.3947438390625 0.1250361890625 0.387935446875
0 0.3317071828125 0.386633484375 0.3446787171875 0.4924401890625 0.53399468125 0.4869476671875 0.53685399375 0.381167265625 0.3317071828125 0.386633484375
0 0.554261403125 0.37645375937500003 0.56941125 0.49223285624999996 0.9365562187500001 0.444837865625 0.9432228031250001 0.3353859890625 0.554261403125 0.37645375937500003
0 0.0134281578125 0.49314803749999997 0.0264520734375 0.5900506796875 0.20467328906249999 0.598476653125 0.20459537343749998 0.49472383906250006 0.0134281578125 0.49314803749999997
0 0.3271077671875 0.49570166093749995 0.33779621406250004 0.6093440875 0.470480921875 0.6069513609375 0.4833490171875 0.49634837656249997 0.3271077671875 0.49570166093749995
0 0.5012994140625 0.48708691406250004 0.5130214390625001 0.6005374953125 0.609255990625 0.593051428125 0.6178262140624999 0.4817638171875 0.5012994140625 0.48708691406250004
0 0.6465506734375001 0.4838440046875 0.6583250859375 0.588390525 0.74873758125 0.576055575 0.7531210749999999 0.474439428125 0.6465506734375001 0.4838440046875
0 0.757255415625 0.47367202343750003 0.7650590203125 0.5804379828124999 0.9117233203125 0.57100323125 0.9235578296875 0.46059209843750004 0.757255415625 0.47367202343750003
0 0.0274332734375 0.5987628843749999 0.0437214765625 0.6965420078125 0.20649130000000002 0.6989416890625 0.21201953125 0.6074897906250001 0.0274332734375 0.5987628843749999
0 0.4813073734375 0.6093889515625001 0.4901445625 0.715963059375 0.6444234046874999 0.6991853578125 0.653104775 0.59825384375 0.4813073734375 0.6093889515625001
0 0.5323580125 0.706645125 0.5249849109375 0.8191929265625 0.6723557265625 0.8066622484374999 0.6804353484375001 0.6910185296875 0.5323580125 0.706645125
0 0.686179496875 0.5921146046875 0.692890753125 0.6798122578125 0.9078304218750001 0.6769754828125001 0.91700239375 0.58040006875 0.686179496875 0.5921146046875
0 0.40514143750000003 0.8325436046875 0.4391718296875 0.7224596984375 0.20535294531249998 0.7169416671875 0.20407020468749998 0.8179822609375 0.20026293125 0.8216537328125 0.40514143750000003 0.8325436046875
0 0.69180478125 0.6889081671875 0.697979434375 0.8093179968750001 0.8576421234374999 0.7841290171875 0.900379409375 0.6857704671875 0.69180478125 0.6889081671875