0 0.4062326087301583 0.16338370089219065 0.30754928901808826 0.1630562829393914
0 0.27661615746585405 0.20218983875559013 0.08186936613141409 0.088166271539425
0 0.36563908467146494 0.23352695608797075 0.08569527297895921 0.09932229282674854
0 0.5623348095330374 0.29907481847667283 0.2558866594684389 0.15788818169855415
0 0.386293941242155 0.3275718870302202 0.34368704811738676 0.1686942777436114
0 0.2483538502491686 0.3493162110316493 0.09945738433001132 0.09561813861970414
0 0.2310674182631957 0.4108874955605245 0.10414488433001132 0.09594592055068926
0 0.21582434762827493 0.4773101710548923 0.11235790252860856 0.10274222376899793
0 0.18989410086747743 0.5390617720436282 0.09300712523071267 0.09205609604505724
0 0.24033658698781676 0.6336201552154506 0.21345932757475108 0.12692240496334897
0 0.5839025215946834 0.46459591167173836 0.09290699568106327 0.09049359604505725
0 0.5577720157345871 0.529472512660474 0.09280686613141391 0.08893109604505725
0 0.5423787507751923 0.5982389381548419 0.10414488433001132 0.09594592055068922
0 0.5292989574381675 0.6553958742928716 0.11255816162790726 0.10586722376899793
0 0.47315028455149327 0.7111106427302035 0.16598355027685513 0.11426958565349707
0 0.39257541718346156 0.4009929615358524 0.16169656847545247 0.12019180372251181
0 0.3661945874492421 0.46977581252458817 0.16199695712440043 0.12487930372251163
0 0.336939081589146 0.5344338922260004 0.18377182757475116 0.12484645273377595
0 0.3027655382521211 0.5901158096745964 0.10823160703211539 0.08689870248167467