0 0.14240288125 0.2835762296875 0.19916593437500002 0.2766465640625 0.21074766562499997 0.2103917171875 0.152285575 0.20851504531249998 0.14240288125 0.2835762296875
0 0.1491298640625 0.2771577375 0.1531691921875 0.35273640781250004 0.28344332968749997 0.3406851203125 0.3197830671875 0.26675554375 0.1491298640625 0.2771577375
0 0.23177788906250002 0.25503755156249996 0.278987946875 0.25323581562499997 0.29849281250000004 0.21469056250000002 0.2358697171875 0.2131037890625 0.23177788906250002 0.25503755156249996
0 0.3227827546875 0.1936613578125 0.3406400921875 0.266789859375 0.7264345578125 0.245860825 0.729382240625 0.1712828109375 0.3227827546875 0.1936613578125
0 0.481750209375 0.246546346875 0.482911525 0.3193506265625 0.7288788609375 0.315600809375 0.7375825781249999 0.24657158125 0.481750209375 0.246546346875
0 0.13694122343749998 0.36576665625000004 0.1271105375 0.4423116703125 0.4664058578125 0.40379796093750003 0.47367056874999997 0.3333815296875 0.13694122343749998 0.36576665625000004
0 0.13697556875 0.44608671875 0.13413189375 0.5236323921875 0.427708171875 0.48979144375 0.45941884374999997 0.40279730156250004 0.13697556875 0.44608671875
0 0.135414884375 0.5205680953125 0.139714246875 0.60356591875 0.4901575875 0.5657629609375 0.47999818124999993 0.47424870312499995 0.135414884375 0.5205680953125
0 0.5469736265625 0.32232459375 0.5386859609375 0.4032244625 0.7486432609375 0.40347096875000005 0.7498399 0.3186027828125 0.5469736265625 0.32232459375
0 0.5705869984375 0.40100187343749993 0.5704653234375 0.476870446875 0.7579705671875 0.47124395625000004 0.7664662578125 0.3962794078125 0.5705869984375 0.40100187343749993
0 0.5897793328125001 0.4725499046875 0.5858606953125001 0.559095190625 0.7637089359375 0.555628971875 0.7789316078125 0.47424592812500005 0.5897793328125001 0.4725499046875
0 0.139211353125 0.6288876484375 0.1368357375 0.7197877890625 0.47500409218749995 0.6887898609375 0.4775357234375 0.602341209375 0.139211353125 0.6288876484375
0 0.6036488546875 0.5905798265625 0.595257178125 0.6685120328124999 0.7678174421875 0.6728514999999999 0.774250046875 0.5786938 0.6036488546875 0.5905798265625
0 0.14002579531249998 0.73146515625 0.144637190625 0.8233659515625 0.45269038906250003 0.7662045859375 0.4514250640625 0.6904326453125 0.14002579531249998 0.73146515625