0 0.33879404687500003 0.10812713125 0.33802695 0.220140090625 0.4886247984375 0.2421600265625 0.48216355312500003 0.132675975 0.33879404687500003 0.10812713125
0 0.5736389640625 0.15273524375 0.567787440625 0.2732994359375 0.7184024953125 0.29679481406249997 0.7201727124999999 0.1818912546875 0.5736389640625 0.15273524375
0 0.0928754953125 0.18083091874999999 0.093094303125 0.2884778375 0.50162105 0.3785637171875 0.4837124734375 0.2654656734375 0.0928754953125 0.18083091874999999
0 0.529312496875 0.2636917765625 0.530689315625 0.3817270640625 0.62544944375 0.416721596875 0.6260444374999999 0.28995422656250003 0.529312496875 0.2636917765625
0 0.7297982000000001 0.2959824796875 0.7166839125 0.41612469374999994 0.951528828125 0.46073280624999996 0.9749152343749999 0.3323407734375 0.7297982000000001 0.2959824796875
0 0.177370871875 0.40248307499999997 0.1785510140625 0.32588070625 0.09326640625 0.30323224375 0.0892662265625 0.40473626874999996 0.177370871875 0.40248307499999997
0 0.2054065203125 0.317119959375 0.19729060781250002 0.421333740625 0.37100685625 0.46976238906249995 0.3968125421875 0.3709997390625 0.2054065203125 0.317119959375
0 0.4091941515625 0.3658213640625 0.41148803593750005 0.4735888484375 0.5985890125 0.513948521875 0.6118926140625 0.41003616093749995 0.4091941515625 0.3658213640625
0 1 0.46072561875 0.6295135421875 0.40958552187499997 0.6329654328125 0.5277413734375 0.9994571578125001 0.5696772796875 1 0.5663545921875001 1 0.46072561875
0 0.0849956 0.394167053125 0.0882237640625 0.49314217187500003 0.26301197187500003 0.5445819859375 0.273220165625 0.4419642125 0.0849956 0.394167053125
0 0.39384989375 0.4725640453125 0.39311721875 0.5875278828125 0.5241051109375 0.6172551000000001 0.5477496687500001 0.5109946796875 0.39384989375 0.4725640453125
0 0.56635650625 0.506178 0.566661365625 0.6212021234375 0.6622352953124999 0.6370762015625 0.6817124921875 0.5290992140624999 0.56635650625 0.506178
0 0.709812059375 0.53810404375 0.7110511953125 0.6443358031249999 0.8013686015625 0.6540067078125 0.8157613671874999 0.55458095 0.709812059375 0.53810404375
0 0.81991151875 0.55482208125 0.8170177140625 0.662288153125 0.9624795046875001 0.688432996875 0.9850865234375 0.5821122937500001 0.81991151875 0.55482208125
0 0.0883270234375 0.5019948125 0.09468500937499999 0.6026262203125 0.2548444265625 0.6443694328125 0.26935766562499996 0.5552717671875 0.0883270234375 0.5019948125
0 0.53453211875 0.6222842453124999 0.5326758500000001 0.7298106 0.6863690984375 0.7505359390625 0.7049292296874999 0.6528267546875 0.53453211875 0.6222842453124999
0 0.5751976828124999 0.7308067406250001 0.556775234375 0.8403194578125 0.7032401421875 0.8635737000000001 0.722665709375 0.7511703859375001 0.5751976828124999 0.7308067406250001
0 0.7381304359375 0.654755796875 0.7360504375 0.743101415625 0.9481383640625 0.792285075 0.9667501250000001 0.6990022109375 0.7381304359375 0.654755796875
0 0.43735514843749995 0.8245343203125 0.48180208750000003 0.723905871875 0.251938334375 0.6618938812499999 0.24065817968749997 0.7615004859375001 0.2365424484375 0.7642102359375 0.43735514843749995 0.8245343203125
0 0.734078621875 0.75183349375 0.728227096875 0.8723976859375 0.888059521875 0.8861075218750001 0.939924115625 0.799180021875 0.734078621875 0.75183349375