17 0.21533203125 0.34716796875 0.0244140625 0.048095703125
15 0.2216796875 0.62841796875 0.0234375 0.048095703125
16 0.2763671875 0.620361328125 0.023193359375 0.0517578125
28 0.326171875 0.671142578125 0.019775390625 0.05322265625
28 0.352294921875 0.66650390625 0.020263671875 0.051025390625
28 0.21533203125 0.405517578125 0.0234375 0.057373046875
11 0.245361328125 0.405029296875 0.0244140625 0.060791015625
11 0.37890625 0.66650390625 0.026123046875 0.05224609375
14 0.468017578125 0.3994140625 0.02294921875 0.046630859375
13 0.4921875 0.39794921875 0.0205078125 0.04833984375
25 0.51171875 0.545654296875 0.0224609375 0.05419921875
27 0.593505859375 0.53955078125 0.01806640625 0.050537109375
23 0.63671875 0.5380859375 0.023193359375 0.049072265625
25 0.69580078125 0.392822265625 0.02197265625 0.04931640625
23 0.63720703125 0.39599609375 0.018310546875 0.044189453125
25 0.29443359375 0.4013671875 0.02392578125 0.052001953125
1 0.5107421875 0.347412109375 0.01611328125 0.05126953125
6 0.698974609375 0.34765625 0.02294921875 0.046142578125
5 0.446044921875 0.345458984375 0.02099609375 0.04931640625
21 0.241943359375 0.3486328125 0.024658203125 0.0498046875
8 0.293212890625 0.346923828125 0.02685546875 0.04931640625
1 0.3232421875 0.347412109375 0.01953125 0.05615234375
21 0.44580078125 0.39892578125 0.02294921875 0.0458984375
9 0.554443359375 0.34619140625 0.019775390625 0.050048828125
12 0.595947265625 0.396728515625 0.020263671875 0.0478515625
27 0.671875 0.392333984375 0.019287109375 0.0439453125
13 0.555419921875 0.54345703125 0.021728515625 0.050048828125
28 0.534423828125 0.544677734375 0.019287109375 0.050537109375
7 0.48876953125 0.34375 0.02099609375 0.04736328125
4 0.53271484375 0.34619140625 0.01953125 0.056884765625
1 0.59375 0.347412109375 0.019287109375 0.0478515625
5 0.636474609375 0.345703125 0.020751953125 0.05126953125
0 0.67578125 0.344482421875 0.02001953125 0.0419921875