0 0.1523998453125 0.2836274109375 0.2079302796875 0.2672726921875 0.2109839671875 0.2002231515625 0.152640840625 0.2082105 0.1523998453125 0.2836274109375
0 0.1582662953125 0.276189359375 0.171928003125 0.34977353437500003 0.29986497968750003 0.31602422343750003 0.3265452140625 0.23727004062499998 0.1582662953125 0.276189359375
0 0.2375839875 0.24055548437500002 0.2842745578125 0.230845953125 0.298739746875 0.1896913984375 0.2362981375 0.198663340625 0.2375839875 0.24055548437500002
0 0.3201964890625 0.16494339062500002 0.3472787171875 0.2337963078125 0.728035890625 0.1483537921875 0.721446075 0.0745778828125 0.3201964890625 0.16494339062500002
0 0.48493953593750005 0.190175084375 0.49538674687500006 0.2615171328125 0.7393670796875 0.21646911562499999 0.7392062671875 0.1471774578125 0.48493953593750005 0.190175084375
0 0.1574627796875 0.36530603125 0.1574628765625 0.442172203125 0.489761478125 0.3472706171875 0.4879934171875 0.276857890625 0.1574627796875 0.36530603125
0 0.167749275 0.444222590625 0.17482126250000002 0.520897028125 0.462277634375 0.438275296875 0.4826895828125 0.34746235312499996 0.167749275 0.444222590625
0 0.1757052484375 0.5176703 0.19057240312499998 0.5985007921875 0.53404138125 0.502422865625 0.5122630499999999 0.41420960625000003 0.1757052484375 0.5176703
0 0.5594356031250001 0.2536662515625 0.5615251296875 0.3345520125 0.770226359375 0.2994864546875 0.7605827609375 0.21589390625 0.5594356031250001 0.2536662515625
0 0.5929468375 0.3270034140625 0.6025100625 0.40157218749999996 0.78814726875 0.3645115171875 0.7870221 0.28942280781249996 0.5929468375 0.3270034140625
0 0.6211541406250001 0.39407886406250003 0.6283065031249999 0.479777075 0.8046216718749999 0.44646306718749995 0.8093629531250001 0.3639363078125 0.6211541406250001 0.39407886406250003
0 0.1933047546875 0.62346644375 0.2025465453125 0.71318424375 0.5346844359375 0.62585716875 0.5261659062499999 0.54048715625 0.1933047546875 0.62346644375
0 0.650004396875 0.5077224453125 0.6516117453125 0.585709678125 0.8236677140625 0.5609547828125 0.8180422249999999 0.4673538625 0.650004396875 0.5077224453125
0 0.207207584375 0.724121940625 0.22352127031250002 0.8136479984375 0.522389078125 0.705677140625 0.5114596953125 0.631436565625 0.207207584375 0.724121940625