28 0.230224609375 0.404052734375 0.017333984375 0.041748046875
28 0.139892578125 0.39306640625 0.018310546875 0.039794921875
34 0.14599609375 0.4716796875 0.017333984375 0.044921875
34 0.161865234375 0.472412109375 0.019287109375 0.0478515625
9 0.29248046875 0.492919921875 0.022216796875 0.045166015625
12 0.28759765625 0.41064453125 0.02099609375 0.0419921875
21 0.26708984375 0.408935546875 0.01953125 0.04541015625
27 0.24853515625 0.407470703125 0.016845703125 0.04833984375
8 0.2373046875 0.566162109375 0.019775390625 0.04345703125
9 0.517578125 0.43798828125 0.02001953125 0.047607421875
7 0.330322265625 0.4130859375 0.015625 0.04150390625
20 0.15771484375 0.395751953125 0.015380859375 0.04541015625
1 0.1767578125 0.394775390625 0.012451171875 0.041259765625
4 0.19384765625 0.401611328125 0.016845703125 0.043701171875
0 0.211181640625 0.401123046875 0.0166015625 0.044921875
6 0.256591796875 0.568115234375 0.01611328125 0.0439453125
0 0.293212890625 0.5771484375 0.0205078125 0.03759765625
9 0.198486328125 0.481201171875 0.015380859375 0.04150390625
0 0.216796875 0.486083984375 0.0166015625 0.042236328125
0 0.181884765625 0.477294921875 0.01416015625 0.041015625
1 0.312255859375 0.496826171875 0.01171875 0.04345703125
5 0.491455078125 0.43505859375 0.023681640625 0.045654296875
0 0.5400390625 0.441162109375 0.022216796875 0.044677734375
1 0.467529296875 0.4326171875 0.01123046875 0.0458984375
2 0.70849609375 0.4619140625 0.02099609375 0.05078125
2 0.76806640625 0.4658203125 0.02734375 0.055419921875
6 0.737548828125 0.463134765625 0.03125 0.050048828125
0 0.7998046875 0.47119140625 0.030517578125 0.055419921875