12 0.544677734375 0.353515625 0.016357421875 0.04296875
12 0.347900390625 0.276123046875 0.0205078125 0.048828125
19 0.564453125 0.351806640625 0.01806640625 0.04541015625
22 0.585205078125 0.34814453125 0.018310546875 0.04736328125
28 0.605224609375 0.3486328125 0.017333984375 0.04541015625
29 0.62353515625 0.345703125 0.013671875 0.050048828125
29 0.43408203125 0.363525390625 0.018798828125 0.053955078125
2 0.296142578125 0.279296875 0.017822265625 0.0498046875
2 0.3291015625 0.280029296875 0.01708984375 0.049072265625
2 0.4814453125 0.35791015625 0.02099609375 0.052490234375
2 0.52294921875 0.35400390625 0.0205078125 0.052490234375
1 0.65771484375 0.3388671875 0.012939453125 0.044189453125
0 0.6728515625 0.338623046875 0.017822265625 0.042724609375
0 0.7080078125 0.3330078125 0.0166015625 0.04541015625
3 0.692138671875 0.33642578125 0.01416015625 0.045166015625
10 0.40966796875 0.366943359375 0.020751953125 0.05322265625
12 0.386962890625 0.369140625 0.02734375 0.052001953125
6 0.312744140625 0.275634765625 0.0185546875 0.047607421875