29 0.4326171875 0.36279296875 0.018798828125 0.05419921875
19 0.565673828125 0.352294921875 0.015869140625 0.04296875
22 0.584228515625 0.347900390625 0.0166015625 0.05029296875
28 0.60302734375 0.34765625 0.01708984375 0.04638671875
29 0.621826171875 0.34423828125 0.015869140625 0.046142578125
12 0.385986328125 0.367919921875 0.019775390625 0.046875
1 0.6572265625 0.343017578125 0.01220703125 0.047119140625
10 0.41162109375 0.36572265625 0.02099609375 0.0556640625
12 0.34814453125 0.275634765625 0.023681640625 0.048583984375
6 0.31396484375 0.279541015625 0.01513671875 0.044921875
6 0.502685546875 0.357177734375 0.022705078125 0.04736328125
2 0.525146484375 0.353271484375 0.021728515625 0.054931640625
3 0.69091796875 0.3349609375 0.014892578125 0.0439453125
0 0.708740234375 0.333251953125 0.013916015625 0.044189453125