28 0.140625 0.390380859375 0.0146484375 0.041748046875
28 0.2294921875 0.40234375 0.017822265625 0.042724609375
20 0.156494140625 0.393798828125 0.01904296875 0.042724609375
34 0.1455078125 0.472412109375 0.017822265625 0.040771484375
34 0.162841796875 0.47314453125 0.016357421875 0.040771484375
27 0.249267578125 0.405029296875 0.01806640625 0.046630859375
21 0.268798828125 0.40869140625 0.018798828125 0.044921875
12 0.28857421875 0.410888671875 0.02001953125 0.043212890625
9 0.293212890625 0.496826171875 0.01904296875 0.041259765625
0 0.56787109375 0.4443359375 0.0244140625 0.049072265625
5 0.491943359375 0.434326171875 0.023681640625 0.048095703125