8 0.560546875 0.205810546875 0.01806640625 0.052734375
11 0.500244140625 0.21337890625 0.015380859375 0.052001953125
9 0.681640625 0.621337890625 0.027099609375 0.078857421875
2 0.712158203125 0.620849609375 0.02490234375 0.074462890625
9 0.622802734375 0.619873046875 0.030029296875 0.06591796875
6 0.58935546875 0.620361328125 0.028564453125 0.071044921875
3 0.519775390625 0.211181640625 0.0185546875 0.056396484375
28 0.47900390625 0.20849609375 0.02099609375 0.054931640625
23 0.55615234375 0.29248046875 0.02197265625 0.058837890625
7 0.631591796875 0.280029296875 0.025634765625 0.064697265625
12 0.700439453125 0.364013671875 0.0234375 0.0546875
6 0.669677734375 0.360107421875 0.015625 0.04443359375
4 0.59814453125 0.2822265625 0.031005859375 0.073486328125