9 0.683349609375 0.61962890625 0.022216796875 0.07861328125
11 0.49755859375 0.20947265625 0.01611328125 0.05419921875
8 0.559814453125 0.207275390625 0.017822265625 0.0517578125
5 0.662841796875 0.2822265625 0.030517578125 0.077880859375
23 0.740234375 0.143798828125 0.034423828125 0.06201171875
13 0.68408203125 0.142333984375 0.029052734375 0.068115234375
1 0.69580078125 0.28125 0.02099609375 0.08203125
12 0.702392578125 0.3623046875 0.0205078125 0.0498046875
23 0.557373046875 0.2861328125 0.025146484375 0.052490234375
3 0.518798828125 0.208984375 0.01611328125 0.052734375
16 0.513427734375 0.133544921875 0.0390625 0.068115234375
21 0.555419921875 0.131103515625 0.01953125 0.058837890625
7 0.6328125 0.28466796875 0.0244140625 0.08447265625
6 0.67041015625 0.35986328125 0.020263671875 0.0478515625
2 0.71484375 0.620361328125 0.025146484375 0.0703125
9 0.62646484375 0.61865234375 0.032470703125 0.0712890625
6 0.5927734375 0.6181640625 0.025390625 0.0673828125
1 0.652587890625 0.621337890625 0.016357421875 0.073974609375