11 0.49951171875 0.206298828125 0.0166015625 0.055419921875
9 0.683349609375 0.61669921875 0.0263671875 0.082275390625
9 0.6220703125 0.616455078125 0.02783203125 0.072021484375
6 0.590576171875 0.617431640625 0.027587890625 0.073974609375
8 0.559326171875 0.20947265625 0.01806640625 0.0478515625
23 0.55517578125 0.285888671875 0.02294921875 0.049560546875
3 0.5205078125 0.208251953125 0.015380859375 0.05126953125
28 0.480224609375 0.20947265625 0.0185546875 0.050537109375
12 0.70068359375 0.362060546875 0.022705078125 0.048583984375
7 0.632568359375 0.277587890625 0.0263671875 0.07958984375
6 0.664306640625 0.278564453125 0.02978515625 0.0830078125
4 0.601318359375 0.28271484375 0.02783203125 0.08056640625
2 0.714599609375 0.620361328125 0.022705078125 0.061767578125
2 0.65234375 0.61767578125 0.015625 0.06005859375
1 0.7568359375 0.2880859375 0.01953125 0.07568359375
0 0.72705078125 0.289794921875 0.026123046875 0.0732421875