19 0.46240234375 0.38671875 0.0224609375 0.052734375
23 0.66748046875 0.381591796875 0.02294921875 0.051513671875
23 0.694091796875 0.37841796875 0.0205078125 0.046875
25 0.817138671875 0.382080078125 0.02001953125 0.048583984375
11 0.822509765625 0.3232421875 0.019775390625 0.054931640625
34 0.8974609375 0.3173828125 0.021484375 0.04443359375
13 0.873779296875 0.326904296875 0.0205078125 0.055419921875
34 0.286376953125 0.333740234375 0.02197265625 0.052734375
21 0.3125 0.335205078125 0.021728515625 0.0517578125
14 0.34130859375 0.33349609375 0.02197265625 0.053955078125
22 0.306884765625 0.3935546875 0.02685546875 0.044677734375
18 0.28271484375 0.394775390625 0.013427734375 0.04736328125
28 0.233642578125 0.3369140625 0.021728515625 0.057861328125
23 0.462646484375 0.4462890625 0.024658203125 0.0439453125
30 0.618408203125 0.438720703125 0.0224609375 0.044189453125
18 0.85888671875 0.379638671875 0.009521484375 0.046630859375
11 0.69482421875 0.3251953125 0.023193359375 0.044921875
15 0.669189453125 0.323974609375 0.0224609375 0.052490234375
35 0.69189453125 0.437744140625 0.019775390625 0.046875
17 0.771484375 0.485595703125 0.01953125 0.033935546875
26 0.757080078125 0.522216796875 0.018798828125 0.03173828125
30 0.777099609375 0.520263671875 0.016357421875 0.03466796875
21 0.69384765625 0.5244140625 0.01708984375 0.032470703125
34 0.567138671875 0.5634765625 0.019287109375 0.031005859375
34 0.5087890625 0.564453125 0.019287109375 0.033203125
17 0.393798828125 0.499267578125 0.02099609375 0.03564453125
11 0.545166015625 0.563232421875 0.019287109375 0.03466796875
18 0.61669921875 0.559326171875 0.01123046875 0.029541015625
29 0.259033203125 0.3310546875 0.02294921875 0.052978515625
27 0.2626953125 0.397705078125 0.023681640625 0.052978515625
29 0.23486328125 0.394287109375 0.0234375 0.049072265625
12 0.287109375 0.452880859375 0.023681640625 0.052978515625
12 0.259521484375 0.453369140625 0.023681640625 0.053955078125
27 0.510009765625 0.498046875 0.0234375 0.038330078125
6 0.37939453125 0.328857421875 0.023681640625 0.05712890625
6 0.411865234375 0.446044921875 0.033203125 0.047607421875
7 0.38330078125 0.38818359375 0.022705078125 0.053955078125
7 0.434326171875 0.382568359375 0.02490234375 0.053955078125
7 0.4892578125 0.3251953125 0.020263671875 0.05517578125
7 0.542236328125 0.324951171875 0.024169921875 0.049072265625
7 0.567138671875 0.44189453125 0.02490234375 0.053466796875
1 0.745849609375 0.324462890625 0.01904296875 0.062255859375
24 0.847900390625 0.322021484375 0.0234375 0.049072265625
10 0.841064453125 0.386474609375 0.0205078125 0.05615234375
4 0.512939453125 0.325439453125 0.02490234375 0.047119140625
4 0.460693359375 0.326904296875 0.0244140625 0.0556640625
3 0.407958984375 0.326171875 0.029296875 0.05419921875
3 0.408447265625 0.38720703125 0.024169921875 0.0546875
28 0.539306640625 0.443603515625 0.022705078125 0.05419921875
8 0.642822265625 0.437255859375 0.025390625 0.050048828125
4 0.719970703125 0.437744140625 0.02880859375 0.051025390625
2 0.490966796875 0.38818359375 0.025390625 0.0595703125
2 0.489013671875 0.445068359375 0.026123046875 0.051513671875
18 0.384033203125 0.446533203125 0.013427734375 0.0458984375
18 0.410888671875 0.498291015625 0.01416015625 0.04150390625
28 0.4296875 0.49951171875 0.019775390625 0.041015625
29 0.369140625 0.495849609375 0.019775390625 0.036865234375
15 0.548828125 0.494384765625 0.01806640625 0.03955078125
23 0.581298828125 0.491455078125 0.01708984375 0.037353515625
34 0.6123046875 0.5234375 0.01611328125 0.036376953125
17 0.656494140625 0.559326171875 0.01953125 0.031494140625
27 0.703125 0.55810546875 0.01806640625 0.032470703125
15 0.598876953125 0.56103515625 0.017822265625 0.03466796875
11 0.4453125 0.56787109375 0.020751953125 0.03515625
24 0.46728515625 0.568603515625 0.01708984375 0.032470703125
13 0.490234375 0.566650390625 0.017333984375 0.030517578125
12 0.46533203125 0.496337890625 0.018798828125 0.037353515625
10 0.488037109375 0.49755859375 0.0185546875 0.0341796875
24 0.796142578125 0.3212890625 0.021484375 0.056884765625
24 0.77099609375 0.320068359375 0.02294921875 0.060302734375
29 0.750244140625 0.484375 0.017822265625 0.03662109375
32 0.7177734375 0.487060546875 0.022705078125 0.0341796875
10 0.71630859375 0.5234375 0.019775390625 0.036376953125
10 0.5498046875 0.530029296875 0.0185546875 0.0341796875
27 0.590576171875 0.528076171875 0.018310546875 0.0302734375
27 0.819091796875 0.5166015625 0.021484375 0.03564453125
14 0.79736328125 0.51806640625 0.019775390625 0.033203125
14 0.656982421875 0.487060546875 0.01904296875 0.0322265625
17 0.634033203125 0.489990234375 0.0205078125 0.034423828125
18 0.598388671875 0.48828125 0.0107421875 0.03466796875
18 0.647705078125 0.52392578125 0.0087890625 0.031494140625
21 0.6318359375 0.527099609375 0.014892578125 0.0322265625
13 0.677734375 0.488525390625 0.021728515625 0.037109375
26 0.756103515625 0.519775390625 0.017822265625 0.03857421875
28 0.634521484375 0.561767578125 0.018310546875 0.034423828125
14 0.68017578125 0.558349609375 0.01953125 0.037353515625
28 0.61376953125 0.489990234375 0.021484375 0.0380859375