11 0.318359375 0.16064453125 0.03173828125 0.073974609375
11 0.5771484375 0.3115234375 0.0322265625 0.078369140625
19 0.611083984375 0.31298828125 0.023681640625 0.08544921875
19 0.672119140625 0.3134765625 0.022705078125 0.08642578125
22 0.64111328125 0.30908203125 0.025146484375 0.09326171875
17 0.7021484375 0.311767578125 0.027587890625 0.09619140625
9 0.79638671875 0.30859375 0.0244140625 0.08544921875
2 0.476806640625 0.31396484375 0.027587890625 0.103271484375
10 0.37890625 0.316162109375 0.026611328125 0.093017578125
29 0.409423828125 0.3134765625 0.0263671875 0.076171875
12 0.34228515625 0.318603515625 0.029541015625 0.09228515625