11 0.314453125 0.5 0.02587890625 0.02587890625
23 0.381103515625 0.49462890625 0.0302734375 0.029052734375
10 0.41552734375 0.535888671875 0.020751953125 0.02685546875
21 0.437255859375 0.5322265625 0.0205078125 0.022705078125
14 0.3525390625 0.54248046875 0.025390625 0.025390625
9 0.673095703125 0.46484375 0.029541015625 0.028076171875
27 0.37646484375 0.538818359375 0.021728515625 0.02294921875
28 0.329833984375 0.544677734375 0.02001953125 0.030029296875
7 0.460205078125 0.4892578125 0.030517578125 0.027587890625
2 0.54638671875 0.517578125 0.0341796875 0.029541015625
5 0.630126953125 0.509033203125 0.036865234375 0.031005859375
8 0.676513671875 0.5029296875 0.027099609375 0.02685546875
6 0.7783203125 0.451904296875 0.02734375 0.02783203125
4 0.60595703125 0.46533203125 0.027587890625 0.03271484375
27 0.64208984375 0.468017578125 0.0322265625 0.03076171875
4 0.807861328125 0.44970703125 0.02783203125 0.0283203125
1 0.7041015625 0.45263671875 0.028564453125 0.0390625
0 0.4921875 0.4873046875 0.02392578125 0.033203125
2 0.56689453125 0.476806640625 0.037353515625 0.03515625