23 0.381591796875 0.492919921875 0.0283203125 0.028564453125
11 0.3154296875 0.501708984375 0.02587890625 0.025390625
27 0.6416015625 0.46875 0.0283203125 0.031494140625
1 0.70556640625 0.45361328125 0.024658203125 0.041748046875
2 0.564697265625 0.47607421875 0.036376953125 0.038818359375
2 0.544189453125 0.516357421875 0.03173828125 0.024169921875
5 0.63134765625 0.508544921875 0.03466796875 0.02978515625
8 0.6767578125 0.502197265625 0.03515625 0.02734375
6 0.7763671875 0.4521484375 0.028076171875 0.030029296875
4 0.807373046875 0.45068359375 0.02587890625 0.0322265625
7 0.462158203125 0.491943359375 0.027099609375 0.035400390625
21 0.436767578125 0.5322265625 0.021484375 0.0302734375
10 0.41259765625 0.534912109375 0.025146484375 0.025146484375
18 0.394775390625 0.538818359375 0.008544921875 0.026611328125
27 0.375244140625 0.538818359375 0.025390625 0.025146484375
14 0.351318359375 0.539794921875 0.025634765625 0.02197265625
28 0.329833984375 0.544189453125 0.0244140625 0.025634765625
2 0.431396484375 0.494140625 0.0283203125 0.03076171875
4 0.603515625 0.4677734375 0.0341796875 0.037841796875
9 0.671142578125 0.46435546875 0.029052734375 0.031005859375
18 0.49853515625 0.52392578125 0.025634765625 0.036865234375