28 0.2333984375 0.3369140625 0.028076171875 0.052490234375
29 0.25830078125 0.3349609375 0.0234375 0.054931640625
29 0.236083984375 0.394287109375 0.022705078125 0.05078125
34 0.28759765625 0.332763671875 0.0244140625 0.056640625
34 0.612548828125 0.5234375 0.018310546875 0.03564453125
27 0.26171875 0.392822265625 0.024169921875 0.049560546875
27 0.5107421875 0.495849609375 0.024658203125 0.03515625
11 0.822021484375 0.322021484375 0.02197265625 0.0478515625
24 0.848388671875 0.3212890625 0.0185546875 0.044921875
13 0.873046875 0.321533203125 0.0205078125 0.05029296875
12 0.286376953125 0.45166015625 0.02294921875 0.047607421875
12 0.467529296875 0.496826171875 0.017578125 0.035888671875
12 0.261962890625 0.455322265625 0.021240234375 0.05029296875
10 0.23779296875 0.454345703125 0.01904296875 0.046630859375
10 0.4873046875 0.49658203125 0.020263671875 0.03662109375
17 0.39404296875 0.499267578125 0.021240234375 0.0341796875
28 0.427734375 0.498291015625 0.0224609375 0.03564453125
30 0.61572265625 0.4375 0.02490234375 0.04443359375
23 0.66748046875 0.381591796875 0.02099609375 0.049072265625
23 0.695068359375 0.379638671875 0.02783203125 0.050048828125
15 0.66748046875 0.3203125 0.019775390625 0.04443359375
23 0.463623046875 0.445068359375 0.023681640625 0.050048828125
25 0.81689453125 0.38134765625 0.022705078125 0.050048828125
10 0.839599609375 0.38134765625 0.0205078125 0.048583984375
18 0.860595703125 0.3828125 0.01171875 0.052978515625
34 0.898681640625 0.315673828125 0.02001953125 0.04296875
21 0.69384765625 0.525146484375 0.019287109375 0.029541015625
32 0.7197265625 0.48583984375 0.021728515625 0.031005859375
18 0.734130859375 0.484619140625 0.012451171875 0.033447265625
29 0.75048828125 0.483154296875 0.01708984375 0.034912109375
17 0.772705078125 0.48388671875 0.0234375 0.033447265625
13 0.6796875 0.4892578125 0.01953125 0.032958984375
17 0.63525390625 0.489990234375 0.020263671875 0.032958984375
15 0.550048828125 0.49169921875 0.01611328125 0.036376953125
18 0.56591796875 0.4931640625 0.010009765625 0.037841796875
18 0.597900390625 0.489501953125 0.00927734375 0.03369140625
28 0.61376953125 0.489990234375 0.018310546875 0.03125
23 0.58203125 0.491455078125 0.01513671875 0.0341796875
12 0.6640625 0.5244140625 0.017822265625 0.03271484375
12 0.735595703125 0.52099609375 0.0166015625 0.03076171875
26 0.756103515625 0.520263671875 0.016357421875 0.03076171875
30 0.776611328125 0.520263671875 0.01611328125 0.032470703125
27 0.8173828125 0.517822265625 0.01904296875 0.031982421875
14 0.798095703125 0.516845703125 0.0146484375 0.033447265625
27 0.59033203125 0.527587890625 0.017333984375 0.02978515625
34 0.567626953125 0.559814453125 0.018310546875 0.031005859375
34 0.510498046875 0.5634765625 0.01806640625 0.0322265625
28 0.632080078125 0.558349609375 0.020751953125 0.03271484375
17 0.657470703125 0.55859375 0.022216796875 0.030517578125
35 0.691650390625 0.437255859375 0.0234375 0.044189453125
22 0.30712890625 0.3916015625 0.03466796875 0.050048828125
21 0.313720703125 0.335693359375 0.021240234375 0.05322265625
14 0.33984375 0.333984375 0.0205078125 0.048095703125
7 0.54052734375 0.32470703125 0.022216796875 0.0478515625
7 0.566162109375 0.44189453125 0.021240234375 0.04638671875
8 0.64453125 0.44091796875 0.0244140625 0.051513671875
1 0.743408203125 0.321533203125 0.02197265625 0.048828125
11 0.69287109375 0.32421875 0.026123046875 0.046875
7 0.436767578125 0.387451171875 0.025634765625 0.058349609375
19 0.4619140625 0.386962890625 0.02734375 0.054443359375
6 0.380859375 0.330322265625 0.027587890625 0.0517578125
3 0.4091796875 0.330322265625 0.029052734375 0.050048828125
4 0.463134765625 0.327880859375 0.024169921875 0.048095703125
4 0.515869140625 0.3271484375 0.019287109375 0.046630859375
7 0.487548828125 0.326904296875 0.022216796875 0.052001953125
6 0.413330078125 0.4501953125 0.027587890625 0.0439453125
3 0.41015625 0.390380859375 0.02197265625 0.046630859375
7 0.384033203125 0.390625 0.0205078125 0.047119140625
28 0.54150390625 0.443115234375 0.02490234375 0.044189453125
4 0.716796875 0.437744140625 0.023193359375 0.046630859375
27 0.701904296875 0.559814453125 0.024169921875 0.033203125
15 0.599853515625 0.56005859375 0.019287109375 0.0322265625
12 0.570068359375 0.529541015625 0.018310546875 0.02880859375
10 0.548095703125 0.529541015625 0.019287109375 0.029052734375
11 0.5458984375 0.563232421875 0.0205078125 0.035400390625
13 0.48974609375 0.567138671875 0.02197265625 0.033203125
11 0.443603515625 0.568115234375 0.0205078125 0.03369140625
21 0.632568359375 0.524658203125 0.017333984375 0.0322265625
18 0.647705078125 0.5244140625 0.0107421875 0.02880859375
14 0.65771484375 0.489501953125 0.015380859375 0.02978515625
2 0.491455078125 0.446533203125 0.02099609375 0.048095703125