11 0.318359375 0.157958984375 0.033935546875 0.07080078125
11 0.575439453125 0.3134765625 0.02685546875 0.084228515625
19 0.608642578125 0.3115234375 0.0244140625 0.078125
22 0.64111328125 0.3056640625 0.029541015625 0.099365234375
19 0.673095703125 0.310546875 0.022705078125 0.089599609375
17 0.7041015625 0.312744140625 0.025634765625 0.091552734375
10 0.376708984375 0.321533203125 0.0322265625 0.087646484375
29 0.41064453125 0.3134765625 0.02685546875 0.084228515625
12 0.342529296875 0.3173828125 0.030517578125 0.0859375
4 0.852783203125 0.310546875 0.028076171875 0.082763671875
6 0.5458984375 0.31689453125 0.0283203125 0.095947265625
6 0.764404296875 0.310791015625 0.032470703125 0.097412109375
9 0.797119140625 0.30859375 0.0283203125 0.096923828125
9 0.824462890625 0.310546875 0.018798828125 0.1103515625