0 0.4796264551841589 0.06981692917753866 0.1602056394219007 0.1246607824351883
0 0.5999506105780993 0.07150547929375421 0.06335395020978148 0.09768338317182246
0 0.4852467253053834 0.20075557274092132 0.19124215186945542 0.10351775595208475
0 0.46234017634035746 0.2979419291775387 0.1729657485501075 0.10845662822814398
0 0.5890919304895423 0.2968496867191073 0.05736405933798814 0.08016810124083724
0 0.39021487737533145 0.39856999588950065 0.050735551039618444 0.09524679802252863
0 0.4923218290350054 0.3945384237296571 0.09268625269929238 0.09507183540139544
0 0.580899076960413 0.384458947362769 0.05542305103961844 0.09557457995351389
0 0.42867372613057597 0.3935493601197882 0.03359467261537983 0.053638452229573017
0 0.37464723172965336 0.5014600491078094 0.05663035352912935 0.09099634059717551
0 0.4080041833893273 0.5022359452690821 0.028551975104890735 0.04862317029858776
0 0.4561456854639198 0.5027551153155683 0.07395956348717299 0.07355746832111638
0 0.5412427358788382 0.49758166023600375 0.05158765601864026 0.08598105866619044
0 0.456451493552508 0.6115291817754287 0.16984074855010753 0.10823810694082034