31 0.44580078125 0.356201171875 0.0361328125 0.067626953125
23 0.6826171875 0.498779296875 0.02685546875 0.05419921875
25 0.685546875 0.35498046875 0.026611328125 0.05615234375
13 0.18603515625 0.511474609375 0.04443359375 0.05908203125
20 0.2734375 0.359375 0.0400390625 0.067626953125
1 0.385986328125 0.503173828125 0.0302734375 0.05517578125
6 0.487548828125 0.351806640625 0.030517578125 0.066650390625
28 0.454345703125 0.50341796875 0.030029296875 0.0537109375
7 0.486328125 0.505615234375 0.029296875 0.053955078125
9 0.52197265625 0.352783203125 0.035888671875 0.06396484375
9 0.54443359375 0.503662109375 0.03271484375 0.0556640625
4 0.710693359375 0.495849609375 0.026123046875 0.056640625
4 0.73681640625 0.494140625 0.024658203125 0.06103515625
4 0.7626953125 0.494873046875 0.02490234375 0.05224609375
4 0.649658203125 0.4990234375 0.031982421875 0.055419921875
4 0.745849609375 0.35693359375 0.030029296875 0.0595703125
7 0.77294921875 0.352783203125 0.030029296875 0.06396484375
7 0.364501953125 0.353759765625 0.031982421875 0.060791015625
7 0.403076171875 0.352783203125 0.035888671875 0.0576171875
8 0.2353515625 0.357177734375 0.03466796875 0.055908203125
8 0.65673828125 0.35595703125 0.031005859375 0.063720703125
8 0.59423828125 0.352294921875 0.035400390625 0.056396484375
4 0.263427734375 0.50830078125 0.0322265625 0.061279296875
3 0.223876953125 0.507568359375 0.0380859375 0.06494140625
1 0.515869140625 0.5029296875 0.022216796875 0.0556640625
7 0.42138671875 0.50244140625 0.030029296875 0.059814453125
13 0.193359375 0.355712890625 0.03662109375 0.0712890625
5 0.71533203125 0.352294921875 0.02978515625 0.060546875
1 0.55712890625 0.353759765625 0.026611328125 0.0556640625
5 0.79052734375 0.496337890625 0.02978515625 0.052734375