11 0.313720703125 0.500732421875 0.02734375 0.027099609375
23 0.382568359375 0.49267578125 0.033447265625 0.03125
18 0.498291015625 0.525634765625 0.024658203125 0.034912109375
21 0.43896484375 0.53173828125 0.026123046875 0.0263671875
27 0.3759765625 0.5390625 0.01953125 0.027587890625
18 0.3935546875 0.537353515625 0.015869140625 0.02734375
10 0.41357421875 0.5341796875 0.025146484375 0.029296875
14 0.352783203125 0.541259765625 0.0205078125 0.028076171875
28 0.329833984375 0.542724609375 0.02197265625 0.02880859375
4 0.60595703125 0.46435546875 0.03369140625 0.0361328125
4 0.808349609375 0.45166015625 0.0322265625 0.029296875
6 0.77783203125 0.452880859375 0.025634765625 0.032958984375
27 0.641845703125 0.46826171875 0.027587890625 0.02880859375
9 0.6728515625 0.46630859375 0.029052734375 0.030029296875
1 0.704833984375 0.453125 0.0283203125 0.0390625
7 0.461181640625 0.487060546875 0.02734375 0.031494140625
2 0.56591796875 0.474853515625 0.03515625 0.034423828125
8 0.677978515625 0.5048828125 0.04052734375 0.02783203125
5 0.633056640625 0.51025390625 0.032470703125 0.033203125
2 0.54638671875 0.517578125 0.0341796875 0.02880859375