28 0.232177734375 0.33251953125 0.027587890625 0.056396484375
29 0.259521484375 0.333251953125 0.02197265625 0.059814453125
29 0.237548828125 0.396728515625 0.021484375 0.058837890625
34 0.285888671875 0.33251953125 0.02587890625 0.056396484375
34 0.8984375 0.31884765625 0.01953125 0.053955078125
13 0.87158203125 0.3212890625 0.0244140625 0.04736328125
27 0.26220703125 0.39453125 0.0263671875 0.051513671875
18 0.2822265625 0.3974609375 0.013427734375 0.04736328125
22 0.3076171875 0.3955078125 0.032470703125 0.04833984375
21 0.3134765625 0.333984375 0.027099609375 0.0546875
14 0.34033203125 0.333251953125 0.0244140625 0.05322265625
10 0.238037109375 0.45703125 0.02587890625 0.049072265625
12 0.261962890625 0.45556640625 0.02197265625 0.049072265625
12 0.285400390625 0.453369140625 0.025146484375 0.0498046875
19 0.462646484375 0.384033203125 0.022705078125 0.0546875
23 0.463134765625 0.443115234375 0.0283203125 0.05224609375
30 0.615234375 0.439453125 0.02587890625 0.05322265625
28 0.540283203125 0.443603515625 0.02197265625 0.05322265625
35 0.691162109375 0.435546875 0.02197265625 0.051513671875
23 0.667724609375 0.3798828125 0.021484375 0.051513671875
23 0.693115234375 0.3779296875 0.023193359375 0.04736328125
15 0.669189453125 0.322998046875 0.02197265625 0.044189453125
11 0.693359375 0.322265625 0.025146484375 0.049072265625
11 0.822265625 0.32763671875 0.022705078125 0.05322265625
25 0.8173828125 0.381591796875 0.017822265625 0.0546875
10 0.8408203125 0.381591796875 0.020751953125 0.051513671875
18 0.8583984375 0.38232421875 0.010498046875 0.051513671875
23 0.879150390625 0.379150390625 0.022705078125 0.064697265625
4 0.460693359375 0.3271484375 0.027099609375 0.04736328125
6 0.380859375 0.32763671875 0.0283203125 0.056396484375
7 0.382080078125 0.385986328125 0.02587890625 0.05078125
8 0.64306640625 0.4375 0.022705078125 0.05078125
4 0.514892578125 0.330322265625 0.021484375 0.05712890625
4 0.71923828125 0.435791015625 0.02392578125 0.05712890625
7 0.540771484375 0.32421875 0.0224609375 0.052001953125
7 0.566650390625 0.43994140625 0.02197265625 0.04638671875
3 0.407958984375 0.32861328125 0.02587890625 0.048583984375
3 0.410888671875 0.3896484375 0.022216796875 0.052978515625
6 0.412353515625 0.44775390625 0.0234375 0.0478515625
24 0.84716796875 0.322998046875 0.028076171875 0.043212890625
14 0.65478515625 0.48779296875 0.017822265625 0.033203125
14 0.79638671875 0.51904296875 0.017822265625 0.0390625
27 0.58935546875 0.52783203125 0.017333984375 0.03369140625
27 0.703857421875 0.55859375 0.02294921875 0.032470703125
14 0.679931640625 0.56005859375 0.01611328125 0.037353515625
12 0.4638671875 0.497802734375 0.01953125 0.03857421875
28 0.42919921875 0.49609375 0.024169921875 0.02880859375
18 0.384521484375 0.44921875 0.016845703125 0.048583984375
27 0.510009765625 0.498291015625 0.0224609375 0.03759765625
28 0.614013671875 0.48974609375 0.016357421875 0.034912109375
17 0.63623046875 0.48974609375 0.02294921875 0.034912109375
17 0.772705078125 0.48388671875 0.027099609375 0.03564453125
29 0.751708984375 0.482421875 0.0166015625 0.041259765625
32 0.71826171875 0.485107421875 0.025146484375 0.034423828125
34 0.611083984375 0.525390625 0.01513671875 0.029052734375
21 0.6328125 0.5263671875 0.012939453125 0.03271484375
10 0.486572265625 0.495849609375 0.016357421875 0.036865234375
10 0.547607421875 0.528076171875 0.01416015625 0.031982421875
34 0.56591796875 0.563232421875 0.020751953125 0.03515625
11 0.543701171875 0.562744140625 0.023681640625 0.042724609375
11 0.43994140625 0.570068359375 0.020751953125 0.044677734375
34 0.5087890625 0.563232421875 0.023193359375 0.03515625
13 0.48828125 0.567138671875 0.02294921875 0.034423828125
17 0.39306640625 0.500244140625 0.019775390625 0.039306640625
29 0.37060546875 0.50146484375 0.016845703125 0.043701171875
2 0.48828125 0.44482421875 0.02587890625 0.048095703125
12 0.73486328125 0.52490234375 0.01904296875 0.031982421875
12 0.66162109375 0.52392578125 0.017333984375 0.0322265625
26 0.75537109375 0.5234375 0.01611328125 0.033447265625
26 0.776123046875 0.518310546875 0.01806640625 0.03564453125
28 0.633544921875 0.5625 0.01904296875 0.0380859375
17 0.656982421875 0.55859375 0.0205078125 0.03662109375
15 0.60009765625 0.561767578125 0.018310546875 0.03857421875
15 0.54736328125 0.490478515625 0.01806640625 0.03466796875
23 0.579833984375 0.48974609375 0.0205078125 0.034912109375
18 0.598388671875 0.4892578125 0.01171875 0.0341796875
18 0.563720703125 0.493408203125 0.016357421875 0.04638671875
13 0.677734375 0.48876953125 0.02587890625 0.03125
24 0.466064453125 0.568115234375 0.020751953125 0.03662109375