13 0.192138671875 0.355224609375 0.045654296875 0.064453125
13 0.184814453125 0.508056640625 0.04931640625 0.068115234375
20 0.274658203125 0.357421875 0.037353515625 0.067138671875
31 0.4443359375 0.35498046875 0.038818359375 0.063720703125
7 0.485595703125 0.501220703125 0.02978515625 0.0498046875
25 0.683837890625 0.3564453125 0.027587890625 0.057373046875
23 0.680908203125 0.496337890625 0.02783203125 0.0556640625
7 0.775390625 0.3525390625 0.027587890625 0.060791015625
9 0.5419921875 0.503173828125 0.033935546875 0.052978515625
5 0.576171875 0.500244140625 0.025146484375 0.05224609375
5 0.71337890625 0.35400390625 0.028076171875 0.05419921875
4 0.7451171875 0.353515625 0.02880859375 0.058837890625
4 0.71044921875 0.49560546875 0.02490234375 0.056396484375
6 0.487548828125 0.35009765625 0.030029296875 0.056884765625
8 0.594482421875 0.3505859375 0.02978515625 0.0517578125
28 0.455810546875 0.504150390625 0.02880859375 0.049072265625