27 0.388427734375 0.442626953125 0.0185546875 0.043212890625
10 0.40966796875 0.443603515625 0.022216796875 0.043701171875
14 0.516845703125 0.43603515625 0.0205078125 0.053955078125
13 0.55322265625 0.435546875 0.02197265625 0.0498046875
10 0.619140625 0.434814453125 0.0224609375 0.05126953125
0 0.605224609375 0.5244140625 0.025634765625 0.047607421875
4 0.46826171875 0.526611328125 0.020751953125 0.052001953125
5 0.370849609375 0.44287109375 0.019287109375 0.042236328125
6 0.48193359375 0.439697265625 0.019287109375 0.046630859375
7 0.65576171875 0.523193359375 0.02099609375 0.04736328125
12 0.67529296875 0.435302734375 0.0244140625 0.05029296875
22 0.64208984375 0.4345703125 0.025390625 0.0546875
7 0.574462890625 0.4345703125 0.019775390625 0.0537109375
23 0.596923828125 0.433837890625 0.02197265625 0.050537109375
2 0.536865234375 0.525390625 0.0263671875 0.049560546875
5 0.489501953125 0.528076171875 0.021484375 0.050048828125