11 0.318359375 0.162353515625 0.02978515625 0.074951171875
11 0.57666015625 0.312744140625 0.029052734375 0.087890625
19 0.610595703125 0.312255859375 0.0185546875 0.0888671875
19 0.67431640625 0.31494140625 0.0244140625 0.083251953125
22 0.64111328125 0.31298828125 0.0322265625 0.08447265625
10 0.377197265625 0.32373046875 0.028076171875 0.102294921875
17 0.703125 0.31005859375 0.02587890625 0.083740234375
9 0.79638671875 0.30810546875 0.022705078125 0.088134765625
6 0.76513671875 0.304931640625 0.02734375 0.09423828125
5 0.823974609375 0.305908203125 0.026611328125 0.09765625
4 0.854248046875 0.3076171875 0.02587890625 0.090576171875
6 0.543212890625 0.312255859375 0.031005859375 0.089599609375
29 0.4111328125 0.3173828125 0.02734375 0.093017578125
12 0.3427734375 0.32080078125 0.03369140625 0.0859375
6 0.287353515625 0.1572265625 0.030517578125 0.073486328125