13 0.5537109375 0.437255859375 0.021484375 0.05126953125
34 0.57568359375 0.435546875 0.0166015625 0.0517578125
23 0.596435546875 0.43408203125 0.02001953125 0.051513671875
10 0.619140625 0.435546875 0.0185546875 0.050537109375
22 0.642333984375 0.43408203125 0.0234375 0.04638671875
18 0.65966796875 0.43212890625 0.01025390625 0.049072265625
12 0.675537109375 0.43310546875 0.022705078125 0.051513671875
27 0.388671875 0.44287109375 0.017822265625 0.04345703125
10 0.409912109375 0.443359375 0.021240234375 0.041259765625
6 0.4833984375 0.43896484375 0.0185546875 0.046630859375
14 0.516845703125 0.437744140625 0.020263671875 0.052978515625
4 0.468994140625 0.528564453125 0.01904296875 0.051025390625
5 0.490478515625 0.527587890625 0.023193359375 0.052001953125
0 0.513916015625 0.525634765625 0.02099609375 0.048095703125
2 0.462158203125 0.4375 0.022216796875 0.053466796875
7 0.655517578125 0.525146484375 0.0234375 0.052978515625