28 0.234619140625 0.334716796875 0.025146484375 0.052734375
28 0.634033203125 0.558837890625 0.018310546875 0.037109375
34 0.28662109375 0.331298828125 0.02490234375 0.05029296875
34 0.6123046875 0.524658203125 0.019287109375 0.03271484375
29 0.235595703125 0.39453125 0.02490234375 0.047119140625
29 0.2587890625 0.333740234375 0.0244140625 0.05224609375
21 0.313720703125 0.335205078125 0.022216796875 0.05078125
21 0.694091796875 0.5224609375 0.021484375 0.031494140625
17 0.3955078125 0.49951171875 0.0185546875 0.036376953125
22 0.308349609375 0.393310546875 0.030029296875 0.05078125
18 0.28271484375 0.395263671875 0.014892578125 0.045654296875
27 0.264404296875 0.395263671875 0.02490234375 0.05322265625
27 0.591064453125 0.52587890625 0.018310546875 0.0380859375
27 0.509765625 0.4951171875 0.02392578125 0.03759765625
10 0.48779296875 0.49658203125 0.01708984375 0.0361328125
18 0.410888671875 0.501220703125 0.011474609375 0.038330078125
17 0.77197265625 0.486083984375 0.01708984375 0.037109375
18 0.7353515625 0.485107421875 0.007080078125 0.0322265625
32 0.718017578125 0.486083984375 0.022705078125 0.03564453125
13 0.67822265625 0.486572265625 0.020263671875 0.034912109375
14 0.655517578125 0.4892578125 0.02099609375 0.03466796875
14 0.796875 0.52099609375 0.01904296875 0.035888671875
30 0.775390625 0.52001953125 0.018310546875 0.039306640625
27 0.816650390625 0.51806640625 0.019287109375 0.033935546875
34 0.566650390625 0.559814453125 0.017578125 0.034912109375
11 0.542724609375 0.5634765625 0.022216796875 0.033203125
11 0.44287109375 0.568603515625 0.02099609375 0.031982421875
24 0.46728515625 0.567626953125 0.020751953125 0.028564453125
13 0.489501953125 0.564208984375 0.01904296875 0.0302734375
34 0.510009765625 0.563720703125 0.018798828125 0.03662109375
17 0.658203125 0.5615234375 0.022705078125 0.035400390625
23 0.463623046875 0.447509765625 0.024169921875 0.04833984375
18 0.386962890625 0.4462890625 0.0126953125 0.04638671875
19 0.46337890625 0.384765625 0.021484375 0.05078125
23 0.6669921875 0.38330078125 0.02099609375 0.051025390625
23 0.69384765625 0.37841796875 0.0224609375 0.052734375
23 0.877685546875 0.3828125 0.01806640625 0.054443359375
18 0.85888671875 0.3818359375 0.01318359375 0.04833984375
34 0.898681640625 0.321533203125 0.022705078125 0.05419921875
24 0.847900390625 0.32275390625 0.02392578125 0.050537109375
11 0.82275390625 0.322021484375 0.021728515625 0.04638671875
13 0.87353515625 0.320556640625 0.0205078125 0.052001953125
11 0.69580078125 0.322998046875 0.019775390625 0.052490234375
15 0.66748046875 0.32275390625 0.02294921875 0.04638671875
4 0.5146484375 0.326171875 0.02392578125 0.048828125
15 0.548095703125 0.490966796875 0.02392578125 0.03662109375
18 0.565673828125 0.490966796875 0.01123046875 0.033935546875
18 0.59765625 0.490966796875 0.010986328125 0.032470703125
23 0.581298828125 0.48974609375 0.0185546875 0.033935546875
17 0.634765625 0.489013671875 0.017822265625 0.035400390625
15 0.60009765625 0.560302734375 0.015869140625 0.031494140625
18 0.61767578125 0.55810546875 0.010498046875 0.03564453125
27 0.701416015625 0.558837890625 0.018798828125 0.030029296875
12 0.2861328125 0.4541015625 0.02490234375 0.047119140625
30 0.6181640625 0.4404296875 0.0244140625 0.046142578125
35 0.689697265625 0.43798828125 0.02392578125 0.052734375
28 0.539306640625 0.442138671875 0.025146484375 0.049560546875
26 0.75537109375 0.523193359375 0.01806640625 0.03564453125
10 0.5498046875 0.52978515625 0.0185546875 0.0302734375
18 0.646484375 0.523681640625 0.010986328125 0.029052734375
21 0.631103515625 0.525390625 0.016845703125 0.03125
0 0.79541015625 0.32177734375 0.02294921875 0.05224609375
7 0.543701171875 0.322265625 0.02734375 0.044677734375
6 0.37890625 0.329833984375 0.027587890625 0.05029296875
6 0.41259765625 0.446533203125 0.024169921875 0.04638671875
28 0.4296875 0.497802734375 0.019287109375 0.0322265625
29 0.371826171875 0.498046875 0.018310546875 0.030029296875
12 0.260498046875 0.452880859375 0.022705078125 0.046630859375
10 0.2373046875 0.453857421875 0.0224609375 0.04638671875
14 0.34228515625 0.33251953125 0.0244140625 0.05078125
7 0.487548828125 0.324462890625 0.023193359375 0.0458984375
4 0.46044921875 0.32568359375 0.02587890625 0.042236328125
3 0.408935546875 0.327392578125 0.023193359375 0.043212890625
3 0.409423828125 0.385498046875 0.0302734375 0.05126953125
7 0.568115234375 0.43798828125 0.022216796875 0.0478515625
8 0.6435546875 0.43994140625 0.020751953125 0.048095703125
2 0.49072265625 0.388427734375 0.02783203125 0.05224609375
7 0.38330078125 0.383056640625 0.020751953125 0.046142578125
7 0.435791015625 0.3837890625 0.02587890625 0.048828125
12 0.5693359375 0.52685546875 0.01806640625 0.029296875
12 0.66357421875 0.525390625 0.017578125 0.03515625
28 0.61328125 0.4892578125 0.01708984375 0.041015625
4 0.716796875 0.434326171875 0.023193359375 0.051513671875
1 0.743408203125 0.32275390625 0.025146484375 0.060791015625
25 0.81689453125 0.381103515625 0.020751953125 0.05224609375
10 0.84033203125 0.38134765625 0.018310546875 0.053955078125
10 0.716064453125 0.523681640625 0.017822265625 0.03173828125
12 0.734130859375 0.521484375 0.019287109375 0.033447265625
29 0.74951171875 0.482421875 0.017578125 0.035888671875
2 0.490966796875 0.443359375 0.0244140625 0.04736328125