13 0.19140625 0.3564453125 0.0439453125 0.06787109375
13 0.181640625 0.511474609375 0.039794921875 0.067138671875
20 0.2744140625 0.358154296875 0.04150390625 0.067626953125
7 0.365966796875 0.354248046875 0.03466796875 0.06884765625
7 0.404541015625 0.355224609375 0.031005859375 0.067138671875
31 0.4423828125 0.35546875 0.041259765625 0.069580078125
23 0.680908203125 0.498291015625 0.02978515625 0.055908203125
25 0.683837890625 0.355224609375 0.02880859375 0.060546875
6 0.48681640625 0.351806640625 0.031494140625 0.05419921875
9 0.543701171875 0.503662109375 0.029541015625 0.05419921875
5 0.577392578125 0.50244140625 0.02734375 0.057373046875
28 0.456298828125 0.50537109375 0.029541015625 0.0556640625
7 0.487548828125 0.501953125 0.02880859375 0.04833984375
7 0.420654296875 0.5 0.030517578125 0.061279296875
8 0.593994140625 0.354736328125 0.03173828125 0.05859375
4 0.7119140625 0.5 0.0234375 0.0498046875
4 0.76806640625 0.494873046875 0.0205078125 0.05615234375
5 0.790771484375 0.48974609375 0.026123046875 0.061279296875
4 0.746337890625 0.357421875 0.028564453125 0.064453125
7 0.77685546875 0.350341796875 0.027099609375 0.064208984375
8 0.65673828125 0.35546875 0.025146484375 0.060302734375
9 0.52197265625 0.35009765625 0.033203125 0.059814453125
1 0.5126953125 0.504150390625 0.023681640625 0.0517578125