13 0.553466796875 0.43798828125 0.023681640625 0.055419921875
34 0.576171875 0.4345703125 0.0185546875 0.052490234375
23 0.595703125 0.4345703125 0.022216796875 0.050048828125
10 0.618408203125 0.435791015625 0.0205078125 0.052490234375
22 0.642822265625 0.433837890625 0.024169921875 0.052734375
18 0.65869140625 0.43408203125 0.009033203125 0.055908203125
12 0.675537109375 0.431640625 0.0263671875 0.04833984375
7 0.65625 0.5244140625 0.019775390625 0.053466796875
14 0.515380859375 0.4375 0.017333984375 0.0439453125
10 0.408203125 0.44091796875 0.01953125 0.043212890625
27 0.388427734375 0.4423828125 0.0166015625 0.052490234375
6 0.48291015625 0.4384765625 0.01806640625 0.050048828125
4 0.468017578125 0.524658203125 0.021484375 0.053466796875
5 0.49169921875 0.52587890625 0.02099609375 0.05322265625
0 0.579345703125 0.524169921875 0.022705078125 0.052490234375
2 0.462890625 0.439697265625 0.020751953125 0.043701171875