0 0.498561868962903 0.11771897822588065 0.15814277210332364 0.12325094655564542
0 0.6184197278966762 0.13684471443582708 0.062148310503983596 0.09704013605166191
0 0.5048309378466638 0.2516082449189281 0.18875627461060632 0.10228522868809904
0 0.48330762734268023 0.34637517563945586 0.17170516693047427 0.10647262351524951
0 0.6103103965430101 0.3617992503292044 0.055398205331134064 0.07967077962517122
0 0.4126337629986307 0.4373662370013693 0.04955738229073816 0.09355142319868044
0 0.5147729245188286 0.44737538598515486 0.09018238229073816 0.09473348997087001
0 0.60307690657214 0.4491628580093364 0.05429034639736088 0.0952503155185486
0 0.4516962629986308 0.4385028396669363 0.03275031551854859 0.052471782132453626
0 0.3986956319615338 0.5401729882550106 0.055716454077492726 0.0906082796251713
0 0.4313944716949771 0.5450339844940868 0.027971887305303155 0.04921038981258565
0 0.47967284732179766 0.5519121217993899 0.07392088479802066 0.0724038489046432
0 0.5647154370552411 0.558296165610326 0.05084709765100222 0.08422188730530315
0 0.48117785985821 0.661423514119258 0.16858016693047428 0.10638169530200407