0 0.4423561363903364 0.13041003278954416 0.15225695916315996 0.11715427973732644
0 0.5635044500926673 0.13519378731209994 0.057906758437520446 0.0950535504295413
0 0.4667063172457099 0.26239369515944455 0.18419643992586626 0.09387390999505119
0 0.4586358677011969 0.3590230336940553 0.16571925843752044 0.1007037641334942
0 0.5853893406593549 0.3601871432595652 0.05105655771188111 0.07753850180902226
0 0.4003744451985257 0.458500733264514 0.043789694735189545 0.09275406603337348
0 0.5029910137101801 0.45605184192551274 0.08586806733052796 0.0918400192218769
0 0.5901735551799924 0.447315329035214 0.048477194735189674 0.09299972749876276
0 0.4388739500078492 0.4542569685651928 0.029871038474587407 0.05147396879233561
0 0.3998982408446893 0.5617895075747735 0.04987600362819702 0.0883941146538925
0 0.4335192726958548 0.5627688314100632 0.025074411069925518 0.04810330732694634
0 0.48201133639818555 0.5637448332190854 0.0694791754978958 0.06914614767057933
0 0.5666591549098399 0.560354239596092 0.045024812521204535 0.08346095318850325
0 0.49855894093735653 0.6726218662357721 0.16253969473518967 0.09897748982323477