23 0.483154296875 0.45751953125 0.021484375 0.044677734375
2 0.555419921875 0.448486328125 0.018798828125 0.04248046875
2 0.64306640625 0.43310546875 0.0166015625 0.04296875
29 0.5078125 0.45263671875 0.01806640625 0.042724609375
28 0.45849609375 0.4619140625 0.023193359375 0.05029296875
3 0.577392578125 0.4462890625 0.021728515625 0.047607421875
1 0.620849609375 0.439697265625 0.01611328125 0.039794921875
1 0.6806640625 0.42822265625 0.014892578125 0.044677734375
27 0.74072265625 0.419921875 0.019775390625 0.044189453125
3 0.702392578125 0.426513671875 0.01708984375 0.041259765625
1 0.719970703125 0.422607421875 0.016357421875 0.043212890625
27 0.599853515625 0.444091796875 0.01806640625 0.045166015625