18 0.3828125 0.435546875 0.017578125 0.0390625
14 0.387939453125 0.484375 0.01904296875 0.03515625
33 0.412353515625 0.481689453125 0.01953125 0.03466796875
13 0.409423828125 0.522705078125 0.015625 0.03076171875
19 0.390625 0.523193359375 0.015380859375 0.03076171875
13 0.5166015625 0.519287109375 0.017822265625 0.03369140625
13 0.62060546875 0.5166015625 0.016845703125 0.029541015625
7 0.47509765625 0.430419921875 0.019287109375 0.033935546875
22 0.556884765625 0.4794921875 0.01611328125 0.032958984375
7 0.466796875 0.377197265625 0.01611328125 0.030029296875
9 0.447265625 0.43310546875 0.01806640625 0.030517578125
0 0.49462890625 0.48095703125 0.01513671875 0.031005859375
6 0.416015625 0.5673828125 0.015869140625 0.032470703125
0 0.43896484375 0.5673828125 0.01806640625 0.027587890625
5 0.600341796875 0.516357421875 0.0146484375 0.03125
3 0.57958984375 0.515625 0.011962890625 0.030029296875
2 0.59912109375 0.48046875 0.017822265625 0.0341796875
5 0.42578125 0.380615234375 0.01904296875 0.03564453125
5 0.382568359375 0.380615234375 0.01953125 0.035888671875
6 0.44921875 0.3779296875 0.015625 0.035400390625
9 0.493896484375 0.37939453125 0.01806640625 0.033447265625