33 0.4150390625 0.48193359375 0.017578125 0.032958984375
9 0.493896484375 0.3798828125 0.02490234375 0.033935546875
6 0.41552734375 0.56787109375 0.0185546875 0.0341796875
1 0.5771484375 0.478759765625 0.017333984375 0.0380859375
5 0.383056640625 0.381591796875 0.01708984375 0.043701171875
14 0.388671875 0.483154296875 0.016845703125 0.037109375
19 0.389892578125 0.5224609375 0.02099609375 0.03271484375
0 0.6240234375 0.478515625 0.015625 0.032958984375
7 0.475341796875 0.431640625 0.01611328125 0.033447265625
2 0.480712890625 0.5234375 0.01708984375 0.033203125
5 0.4248046875 0.380615234375 0.018310546875 0.038330078125
5 0.59912109375 0.517578125 0.017333984375 0.03515625
6 0.44873046875 0.379638671875 0.019287109375 0.0361328125
7 0.46630859375 0.37890625 0.0185546875 0.036865234375
9 0.447509765625 0.43359375 0.015869140625 0.035400390625
1 0.3818359375 0.435302734375 0.02099609375 0.03466796875
12 0.536376953125 0.481689453125 0.02001953125 0.03466796875
22 0.557373046875 0.47998046875 0.0146484375 0.02978515625
2 0.599365234375 0.48046875 0.017822265625 0.032958984375
3 0.578369140625 0.517578125 0.01513671875 0.033203125
1 0.557373046875 0.51904296875 0.013916015625 0.02978515625
13 0.51611328125 0.518310546875 0.015380859375 0.03076171875
0 0.428466796875 0.433837890625 0.015380859375 0.034912109375
33 0.415283203125 0.483642578125 0.014892578125 0.03515625
13 0.40869140625 0.52294921875 0.017822265625 0.031494140625
1 0.4482421875 0.481689453125 0.013671875 0.029296875
13 0.619873046875 0.51708984375 0.017822265625 0.03466796875