14 0.37451171875 0.559326171875 0.021728515625 0.042724609375
33 0.4033203125 0.55859375 0.02587890625 0.04296875
19 0.3779296875 0.614013671875 0.025634765625 0.03759765625
2 0.529541015625 0.50341796875 0.025634765625 0.045654296875
11 0.55517578125 0.559814453125 0.02197265625 0.045166015625
13 0.580322265625 0.55810546875 0.020263671875 0.043701171875
13 0.63232421875 0.556884765625 0.01953125 0.04638671875
28 0.61083984375 0.556884765625 0.02099609375 0.041259765625
4 0.422119140625 0.440673828125 0.020263671875 0.053466796875
4 0.608642578125 0.501220703125 0.022705078125 0.047607421875
0 0.42919921875 0.559814453125 0.021728515625 0.04296875
13 0.40673828125 0.613525390625 0.027099609375 0.040283203125
13 0.529541015625 0.614501953125 0.030029296875 0.040771484375
1 0.45263671875 0.611572265625 0.023681640625 0.039306640625
6 0.4296875 0.6689453125 0.019775390625 0.039794921875
0 0.495849609375 0.442138671875 0.02099609375 0.04345703125
1 0.427490234375 0.50634765625 0.021728515625 0.04638671875