17 0.544677734375 0.384033203125 0.0263671875 0.05859375
27 0.76953125 0.38134765625 0.029296875 0.046630859375
5 0.660888671875 0.381591796875 0.025146484375 0.0537109375
4 0.42431640625 0.38134765625 0.025390625 0.052978515625
2 0.455810546875 0.38427734375 0.028076171875 0.056640625
3 0.4853515625 0.38671875 0.025146484375 0.0595703125
3 0.687255859375 0.383544921875 0.0244140625 0.05078125
3 0.7158203125 0.380859375 0.026123046875 0.04443359375
4 0.743896484375 0.380859375 0.027587890625 0.052001953125
1 0.630859375 0.385986328125 0.022705078125 0.056640625
0 0.51416015625 0.385498046875 0.025634765625 0.048095703125