22 0.557373046875 0.477783203125 0.015869140625 0.034912109375
7 0.477294921875 0.43310546875 0.018310546875 0.03857421875
9 0.492431640625 0.378173828125 0.017822265625 0.034423828125
6 0.44873046875 0.3818359375 0.019775390625 0.035888671875
2 0.475341796875 0.48291015625 0.01611328125 0.031005859375
2 0.47802734375 0.521240234375 0.014892578125 0.027587890625
3 0.577880859375 0.51708984375 0.02001953125 0.030029296875
1 0.453857421875 0.519775390625 0.014892578125 0.03076171875
28 0.415771484375 0.5673828125 0.01611328125 0.031494140625
1 0.388916015625 0.57080078125 0.0146484375 0.032958984375
5 0.38232421875 0.38134765625 0.018310546875 0.037841796875
5 0.423828125 0.381103515625 0.0146484375 0.039794921875
2 0.59814453125 0.47998046875 0.01416015625 0.03271484375
27 0.388916015625 0.485107421875 0.01904296875 0.03564453125
7 0.46875 0.37890625 0.016845703125 0.036376953125
5 0.599609375 0.5166015625 0.01513671875 0.029296875
0 0.51513671875 0.517333984375 0.0166015625 0.029296875