33 0.402099609375 0.55810546875 0.02197265625 0.047119140625
14 0.374755859375 0.55615234375 0.021484375 0.041748046875
11 0.556396484375 0.55810546875 0.0205078125 0.041259765625
13 0.5791015625 0.55859375 0.020263671875 0.04248046875
13 0.632080078125 0.5576171875 0.018798828125 0.0419921875
4 0.422119140625 0.442138671875 0.02294921875 0.042724609375
3 0.606201171875 0.50439453125 0.0224609375 0.044189453125
1 0.37060546875 0.504638671875 0.02294921875 0.041748046875
19 0.3779296875 0.61083984375 0.021728515625 0.037353515625
5 0.3671875 0.43994140625 0.025634765625 0.046630859375
5 0.44677734375 0.44140625 0.021484375 0.041748046875
5 0.47900390625 0.5029296875 0.0224609375 0.04296875
2 0.529541015625 0.505126953125 0.027099609375 0.040771484375
3 0.657470703125 0.556884765625 0.01806640625 0.044189453125
28 0.60791015625 0.554443359375 0.02001953125 0.0390625
1 0.45263671875 0.5576171875 0.019775390625 0.042724609375
13 0.404541015625 0.610107421875 0.01806640625 0.039794921875
13 0.529052734375 0.61279296875 0.01953125 0.03857421875
6 0.429931640625 0.66943359375 0.01708984375 0.0390625
1 0.37939453125 0.670166015625 0.024169921875 0.03662109375
1 0.45361328125 0.60986328125 0.02294921875 0.039306640625
1 0.47705078125 0.55859375 0.0244140625 0.038330078125
0 0.505126953125 0.558349609375 0.02197265625 0.0390625
1 0.4248046875 0.50390625 0.0205078125 0.0458984375