14 0.37353515625 0.55615234375 0.02734375 0.04052734375
33 0.402099609375 0.55322265625 0.024658203125 0.042724609375
19 0.377685546875 0.614501953125 0.020263671875 0.043701171875
13 0.404296875 0.612060546875 0.021484375 0.04052734375
13 0.5302734375 0.612060546875 0.02685546875 0.037109375
28 0.610107421875 0.557861328125 0.0224609375 0.043212890625
13 0.5810546875 0.557861328125 0.022705078125 0.04150390625
13 0.6318359375 0.55615234375 0.020263671875 0.041748046875
11 0.55419921875 0.559814453125 0.02392578125 0.0439453125
4 0.422119140625 0.442138671875 0.0244140625 0.041259765625
2 0.528564453125 0.506591796875 0.02734375 0.04345703125
5 0.475341796875 0.502197265625 0.02490234375 0.04638671875
5 0.447021484375 0.43994140625 0.023681640625 0.04638671875
3 0.60791015625 0.50341796875 0.021484375 0.041259765625
1 0.45263671875 0.5595703125 0.0185546875 0.046142578125
0 0.427978515625 0.554931640625 0.02294921875 0.04248046875
3 0.655517578125 0.555908203125 0.021728515625 0.044677734375
6 0.430419921875 0.666259765625 0.02001953125 0.04052734375
1 0.380859375 0.6708984375 0.0224609375 0.03515625