20 0.63134765625 0.38525390625 0.030029296875 0.05126953125
22 0.686767578125 0.384033203125 0.024169921875 0.0537109375
21 0.715087890625 0.38232421875 0.021484375 0.055419921875
12 0.660400390625 0.383544921875 0.020751953125 0.051513671875
9 0.8486328125 0.376953125 0.02490234375 0.049560546875
7 0.604248046875 0.384033203125 0.0283203125 0.0576171875
7 0.794677734375 0.380859375 0.024169921875 0.058349609375
4 0.82177734375 0.378173828125 0.02392578125 0.0546875
4 0.577880859375 0.38525390625 0.023193359375 0.056396484375
29 0.464111328125 0.390625 0.02734375 0.05126953125
10 0.43603515625 0.388916015625 0.02783203125 0.051513671875
7 0.439453125 0.293701171875 0.039306640625 0.0546875
4 0.407470703125 0.29638671875 0.030029296875 0.0458984375
12 0.4072265625 0.390625 0.026611328125 0.04931640625
2 0.549560546875 0.38671875 0.02294921875 0.0537109375