20 0.631103515625 0.387451171875 0.02294921875 0.055908203125
22 0.686279296875 0.38330078125 0.026123046875 0.052490234375
21 0.71484375 0.383544921875 0.02783203125 0.0517578125
9 0.85009765625 0.380126953125 0.02734375 0.05126953125
1 0.437744140625 0.290283203125 0.030517578125 0.052978515625
1 0.796142578125 0.37841796875 0.020751953125 0.054443359375
4 0.8232421875 0.378662109375 0.021728515625 0.0537109375
4 0.5771484375 0.390380859375 0.022216796875 0.063232421875
7 0.603759765625 0.383544921875 0.02587890625 0.057373046875
29 0.4638671875 0.38818359375 0.025390625 0.052978515625
10 0.4384765625 0.393310546875 0.026611328125 0.0478515625
12 0.407958984375 0.388916015625 0.023193359375 0.051513671875
4 0.406982421875 0.297119140625 0.028564453125 0.05126953125
0 0.52099609375 0.386474609375 0.024658203125 0.049560546875
12 0.65966796875 0.385009765625 0.031494140625 0.05126953125