20 0.631591796875 0.3857421875 0.023193359375 0.047119140625
22 0.686767578125 0.385986328125 0.0234375 0.048828125
21 0.715087890625 0.383056640625 0.023193359375 0.052490234375
7 0.440673828125 0.294189453125 0.029541015625 0.051025390625
9 0.850830078125 0.381591796875 0.0244140625 0.05224609375
2 0.374267578125 0.298095703125 0.0322265625 0.057861328125
4 0.40771484375 0.294921875 0.032470703125 0.0556640625
4 0.5771484375 0.382080078125 0.0244140625 0.0537109375
7 0.79736328125 0.378662109375 0.02099609375 0.0556640625
29 0.46533203125 0.388916015625 0.0263671875 0.04931640625
10 0.4365234375 0.389892578125 0.02734375 0.052490234375
12 0.406982421875 0.389892578125 0.02587890625 0.046142578125
12 0.657958984375 0.383056640625 0.02294921875 0.04638671875
4 0.822509765625 0.378662109375 0.022216796875 0.054443359375
7 0.604736328125 0.384521484375 0.019775390625 0.057373046875
2 0.548583984375 0.386962890625 0.025390625 0.0556640625
0 0.521240234375 0.38623046875 0.027587890625 0.053955078125
0 0.767822265625 0.380126953125 0.024658203125 0.05078125
0 0.74072265625 0.380615234375 0.025634765625 0.062255859375