27 0.299560546875 0.39990234375 0.03759765625 0.06201171875
12 0.3359375 0.398193359375 0.033203125 0.058349609375
20 0.3740234375 0.400390625 0.03173828125 0.056640625
16 0.466796875 0.4052734375 0.0361328125 0.063720703125
27 0.50634765625 0.40576171875 0.0390625 0.062744140625
8 0.433349609375 0.40283203125 0.0283203125 0.054443359375
4 0.405029296875 0.40185546875 0.028564453125 0.0498046875
5 0.64990234375 0.41064453125 0.027099609375 0.0556640625
3 0.734375 0.412353515625 0.032958984375 0.055419921875
3 0.705078125 0.40576171875 0.022705078125 0.062255859375
3 0.620361328125 0.40869140625 0.020751953125 0.052001953125