27 0.299560546875 0.399658203125 0.03662109375 0.05615234375
20 0.37353515625 0.401123046875 0.032470703125 0.062255859375
27 0.50634765625 0.406982421875 0.03466796875 0.057861328125
16 0.466796875 0.40234375 0.0361328125 0.058349609375
3 0.734375 0.409423828125 0.025146484375 0.048583984375
4 0.405029296875 0.40380859375 0.02294921875 0.068115234375
12 0.3388671875 0.402099609375 0.0419921875 0.06494140625
8 0.432861328125 0.40673828125 0.02880859375 0.068359375
5 0.650146484375 0.409423828125 0.026611328125 0.065673828125
1 0.70703125 0.408935546875 0.0234375 0.056396484375
0 0.67919921875 0.408203125 0.026123046875 0.05908203125