16 0.467529296875 0.40283203125 0.03857421875 0.060302734375
20 0.37451171875 0.403564453125 0.03369140625 0.0615234375
5 0.651123046875 0.407470703125 0.0244140625 0.059814453125
1 0.708984375 0.409912109375 0.018798828125 0.057373046875
27 0.298828125 0.40283203125 0.037109375 0.05615234375
12 0.335205078125 0.402099609375 0.033203125 0.060791015625
4 0.405029296875 0.4013671875 0.026611328125 0.055908203125
8 0.43359375 0.4033203125 0.02880859375 0.05712890625
27 0.506591796875 0.404541015625 0.031494140625 0.053466796875
1 0.62109375 0.41015625 0.025146484375 0.056884765625
0 0.679931640625 0.41162109375 0.024658203125 0.058837890625
3 0.7353515625 0.41064453125 0.02587890625 0.057861328125