7 0.407470703125 0.53662109375 0.045654296875 0.08837890625
3 0.40283203125 0.40576171875 0.0322265625 0.086669921875
1 0.633544921875 0.41748046875 0.02197265625 0.08984375
2 0.309326171875 0.41162109375 0.0380859375 0.08984375
2 0.455810546875 0.543212890625 0.03369140625 0.087646484375
6 0.546142578125 0.543212890625 0.0302734375 0.081787109375
7 0.49609375 0.409912109375 0.033935546875 0.086181640625
0 0.676025390625 0.4169921875 0.037841796875 0.08251953125
0 0.708740234375 0.5478515625 0.03759765625 0.085205078125
9 0.636962890625 0.544921875 0.029541015625 0.084228515625
9 0.59130859375 0.545654296875 0.0361328125 0.09130859375
6 0.542724609375 0.66552734375 0.03173828125 0.0791015625
1 0.587158203125 0.666748046875 0.018798828125 0.07080078125
1 0.669921875 0.663818359375 0.022216796875 0.064208984375
1 0.499267578125 0.66650390625 0.0224609375 0.072021484375
2 0.445556640625 0.41162109375 0.035888671875 0.086181640625
2 0.539306640625 0.412109375 0.03369140625 0.081298828125