20 0.60693359375 0.432373046875 0.02490234375 0.056396484375
19 0.634765625 0.432373046875 0.02490234375 0.05810546875
31 0.550537109375 0.428955078125 0.02734375 0.05126953125
16 0.25146484375 0.307861328125 0.017822265625 0.027587890625
3 0.460693359375 0.426025390625 0.02392578125 0.06298828125
10 0.341552734375 0.4248046875 0.022216796875 0.052734375
13 0.579345703125 0.4296875 0.022705078125 0.05517578125
12 0.27099609375 0.30908203125 0.021240234375 0.02783203125
12 0.3115234375 0.4248046875 0.0263671875 0.056884765625
5 0.72265625 0.431640625 0.0224609375 0.05908203125
3 0.20556640625 0.30859375 0.014892578125 0.026611328125
7 0.22119140625 0.3515625 0.012939453125 0.029541015625
10 0.2373046875 0.35205078125 0.019287109375 0.02880859375
2 0.2197265625 0.30810546875 0.01416015625 0.028564453125
2 0.4921875 0.4267578125 0.022705078125 0.06201171875
29 0.372314453125 0.425537109375 0.025390625 0.052490234375
0 0.402099609375 0.42529296875 0.026611328125 0.060546875