28 0.397216796875 0.4765625 0.0263671875 0.04931640625
30 0.366455078125 0.47607421875 0.02783203125 0.043701171875
23 0.401611328125 0.318359375 0.024169921875 0.03466796875
23 0.37353515625 0.319580078125 0.022216796875 0.033447265625
11 0.427001953125 0.271484375 0.02490234375 0.0341796875
1 0.36474609375 0.414794921875 0.0146484375 0.04443359375
1 0.4609375 0.31787109375 0.015869140625 0.036376953125
4 0.395263671875 0.4130859375 0.02294921875 0.042724609375
4 0.424072265625 0.411376953125 0.02490234375 0.040283203125
10 0.42919921875 0.47119140625 0.02587890625 0.04296875
28 0.3447265625 0.27685546875 0.02197265625 0.03564453125
27 0.373046875 0.275390625 0.01904296875 0.03466796875
4 0.398681640625 0.27294921875 0.021728515625 0.0341796875
8 0.34375 0.322021484375 0.020751953125 0.037109375
0 0.430908203125 0.317626953125 0.021728515625 0.03662109375
0 0.488525390625 0.3173828125 0.027099609375 0.038818359375
0 0.539306640625 0.408447265625 0.024658203125 0.04248046875
2 0.4814453125 0.408935546875 0.027099609375 0.044677734375