30 0.36669921875 0.474853515625 0.024169921875 0.05419921875
28 0.3984375 0.47607421875 0.025390625 0.04638671875
10 0.4296875 0.47265625 0.02490234375 0.050048828125
27 0.37158203125 0.276123046875 0.025390625 0.03466796875
23 0.372802734375 0.319580078125 0.025634765625 0.037353515625
23 0.40234375 0.31689453125 0.026123046875 0.0380859375
28 0.343994140625 0.2763671875 0.0224609375 0.032958984375
8 0.344482421875 0.321533203125 0.021240234375 0.03759765625
2 0.484130859375 0.410400390625 0.020751953125 0.049560546875
0 0.540283203125 0.405029296875 0.0244140625 0.04150390625
4 0.4228515625 0.412353515625 0.028564453125 0.041015625
4 0.39404296875 0.412353515625 0.026123046875 0.042236328125
11 0.4287109375 0.273681640625 0.024658203125 0.03857421875
0 0.489990234375 0.31884765625 0.02685546875 0.043701171875