0 0.17550174375 0.37425980625 0.15434982656250001 0.4256497859375 0.5798204703125001 0.554047553125 0.6094448015625 0.4841049375 0.17550174375 0.37425980625
0 0.31237590000000004 0.5496288171875 0.32630245625 0.4853185 0.1386936515625 0.43843692343749996 0.12908234375 0.507065121875 0.31237590000000004 0.5496288171875
0 0.14476347812499998 0.4985708890625 0.122331228125 0.5757099703125 0.368715403125 0.6472593375 0.3897092375 0.5686809609375 0.14476347812499998 0.4985708890625
0 0.13230861875 0.5700443734375 0.10980148593750001 0.63430474375 0.3232518578125 0.6985077875 0.3486275 0.635695040625 0.13230861875 0.5700443734375
0 0.12264738906249999 0.6300867625000001 0.10448046562499999 0.7029579171875 0.1732332296875 0.721960109375 0.20579263124999997 0.664912859375 0.12264738906249999 0.6300867625000001
0 0.105902240625 0.7015352734375 0.10193643593749999 0.757318059375 0.1950923515625 0.7922024296875 0.22760183281250002 0.72656936875 0.105902240625 0.7015352734375
0 0.10765682031249998 0.7573513593750001 0.102319159375 0.8231425968750001 0.1667566734375 0.8378269093749999 0.18502343906250002 0.782127375 0.10765682031249998 0.7573513593750001
0 0.5587517546874999 0.6197472140625 0.5783487734375 0.5468843875 0.4050742109375 0.5058099359375 0.3940660859375 0.5801536828125 0.5587517546874999 0.6197472140625
0 0.40119992499999996 0.5773333703125 0.38446309843750004 0.6502128500000001 0.5400269875 0.7047319187500001 0.5530313703124999 0.6197139125 0.40119992499999996 0.5773333703125
0 0.391588615625 0.6459615703125 0.3676929890625 0.7173684546875 0.4996195734375 0.779666 0.5507452625 0.718434071875 0.391588615625 0.6459615703125
0 0.3347009453125 0.7000053578125 0.3251728359375 0.7829432374999999 0.4770542015625 0.833909590625 0.526783075 0.778393209375 0.3347009453125 0.7000053578125
0 0.373837696875 0.790381134375 0.3499087890625 0.8560641453125 0.47171653906250005 0.8997008281250001 0.51281491875 0.8355486859375001 0.373837696875 0.790381134375
0 0.282511240625 0.8241915640625 0.26576609375000004 0.8956400734375001 0.463543646875 0.9697683203125 0.49605313281249996 0.9041352609375 0.282511240625 0.8241915640625