0 0.21072207187499997 0.3315666234375 0.18431833125 0.3797288484375 0.5941452468749999 0.5611195999999999 0.6309129890625 0.495676753125 0.21072207187499997 0.3315666234375
0 0.3285720078125 0.5226068609375 0.3491369265625 0.46073465 0.1674101671875 0.390386165625 0.1506871046875 0.4570827609375 0.3285720078125 0.5226068609375
0 0.1671720625 0.4506774546875 0.13680741406250002 0.5241609390625 0.374425165625 0.626426603125 0.40350919531249996 0.5513349890625 0.1671720625 0.4506774546875
0 0.14732349218750002 0.5198271375 0.11822845 0.5805545999999999 0.32385275468749997 0.6713453703125001 0.355650096875 0.6124168296875 0.14732349218750002 0.5198271375
0 0.131446834375 0.578019715625 0.10577044843750001 0.6478235703124999 0.17217751718750002 0.6754069484375 0.21051902031249997 0.6231017109375 0.131446834375 0.578019715625
0 0.1073332015625 0.6465970265625 0.0975664953125 0.7013007640625 0.1865904890625 0.7477183000000001 0.2257784015625 0.6869090453125 0.1073332015625 0.6465970265625
0 0.103253240625 0.70206393125 0.09107737187500001 0.76649823125 0.1536425859375 0.789257221875 0.17762615937499998 0.7364614031250001 0.103253240625 0.70206393125
0 0.566330828125 0.6234551890625 0.5934289015624999 0.5538421265625 0.42535473437500004 0.49107090624999994 0.40664571406250005 0.5632460546875 0.566330828125 0.6234551890625
0 0.41403628125 0.561365340625 0.38978158125 0.6313599859375 0.5388352984375 0.7051769953125 0.56064408125 0.6226920218750001 0.41403628125 0.561365340625
0 0.397313215625 0.6280619375 0.3660911515625 0.6956852859375 0.49082039218749995 0.7741835890625001 0.5480670234375 0.7201066359375 0.397313215625 0.6280619375
0 0.335085178125 0.6742890421875 0.31695143593749997 0.755159 0.46271282812500003 0.8249896968750001 0.517973503125 0.776391296875 0.335085178125 0.6742890421875
0 0.3645834375 0.7687326015625 0.33392564375 0.8306866078124999 0.45053695937500005 0.8894239953125 0.49811392187500003 0.8311768296875 0.3645834375 0.7687326015625
0 0.2702098703125 0.7905379953125 0.24609623906250003 0.8591153046875 0.4350945140625 0.9577287203125 0.47428242656249997 0.896919465625 0.2702098703125 0.7905379953125