0 0.2200771296875 0.3240733171875 0.19510947812499999 0.3731380109375 0.60965540625 0.540143584375 0.644470584375 0.473443371875 0.2200771296875 0.3240733171875
0 0.3433220375 0.5109205171875 0.3620601484375 0.44835530468749996 0.178534078125 0.38438144375 0.1637728890625 0.4516349203125 0.3433220375 0.5109205171875
0 0.1800492875 0.44465655000000004 0.1518623171875 0.51917053125 0.3921316953125 0.613096846875 0.4189930234375 0.5370201078125 0.1800492875 0.44465655000000004
0 0.162238146875 0.5144712625000001 0.1349481796875 0.5761900703125 0.3429338 0.6597633890625 0.3729747140625 0.5997484046875 0.162238146875 0.5144712625000001
0 0.14807495937499998 0.57319461875 0.1244629171875 0.6438667484375 0.191582053125 0.6691199328125 0.2283508421875 0.6154970343749999 0.14807495937499998 0.57319461875
0 0.1259878921875 0.6425861312500001 0.11782494218749999 0.6976087 0.20807798593750002 0.7408985890625 0.24544477812499998 0.6787455703124999 0.1259878921875 0.6425861312500001
0 0.1235261765625 0.6981729718749999 0.113240246875 0.7630062796875 0.1763824609375 0.7835711984375 0.198798496875 0.7299593078125 0.1235261765625 0.6981729718749999
0 0.5836910843750001 0.6034251453125 0.6087284359375 0.532894084375 0.43905677968749995 0.47601765 0.42247161406249994 0.5488168046874999 0.5836910843750001 0.6034251453125
0 0.42979749062500006 0.54667876875 0.40761075625 0.6174919671875 0.5586088796875 0.6860739109375 0.5779898484375 0.6028608734375001 0.42979749062500006 0.54667876875
0 0.41503629999999997 0.6139322468749999 0.3858226890625 0.6826184171875 0.5126653859375 0.75672918125 0.5682621875 0.7006751062500001 0.41503629999999997 0.6139322468749999
0 0.3542366 0.66231361875 0.33847873906250003 0.7437839609375 0.48607309218749994 0.8084961828124999 0.5398459156250001 0.757987784375 0.3542366 0.66231361875
0 0.38644089375 0.7556887 0.357625953125 0.8186881265625001 0.47578716249999997 0.873329490625 0.5216061390625 0.8134445671874999 0.38644089375 0.7556887
0 0.292829128125 0.7807808328125 0.27074206093750003 0.8501723421875 0.4623516140625 0.942145721875 0.4997184078125 0.879992703125 0.292829128125 0.7807808328125