17 0.31396484375 0.07568359375 0.024169921875 0.05126953125
14 0.5341796875 0.203125 0.02001953125 0.062744140625
19 0.557373046875 0.2021484375 0.017333984375 0.064453125
15 0.608154296875 0.20361328125 0.019287109375 0.064208984375
10 0.3212890625 0.770263671875 0.024169921875 0.046142578125
21 0.334228515625 0.8271484375 0.020751953125 0.047607421875
24 0.4423828125 0.825439453125 0.01953125 0.0478515625
32 0.24609375 0.827880859375 0.01953125 0.045654296875
21 0.418212890625 0.828125 0.018310546875 0.048095703125
5 0.725341796875 0.210693359375 0.01953125 0.069580078125
9 0.23876953125 0.075439453125 0.026123046875 0.052978515625
9 0.433837890625 0.193603515625 0.024169921875 0.067138671875
3 0.6572265625 0.208740234375 0.018798828125 0.0673828125
3 0.681396484375 0.2099609375 0.0205078125 0.0732421875
17 0.508056640625 0.197998046875 0.0224609375 0.066162109375
6 0.484619140625 0.1953125 0.0205078125 0.0703125
6 0.287841796875 0.077392578125 0.022705078125 0.055419921875
29 0.382080078125 0.194091796875 0.025634765625 0.064697265625
10 0.355224609375 0.193603515625 0.02587890625 0.077392578125
12 0.3291015625 0.18798828125 0.02099609375 0.060791015625
27 0.583984375 0.206298828125 0.018798828125 0.072509765625
12 0.4609375 0.48193359375 0.023193359375 0.061279296875
8 0.43212890625 0.481689453125 0.02685546875 0.06005859375
30 0.488037109375 0.483154296875 0.02392578125 0.064697265625
4 0.51416015625 0.485107421875 0.02197265625 0.057373046875
4 0.539794921875 0.48291015625 0.0234375 0.0615234375
6 0.565673828125 0.484619140625 0.02294921875 0.0615234375
5 0.592529296875 0.4833984375 0.02490234375 0.06005859375
3 0.638427734375 0.486572265625 0.0234375 0.062744140625
8 0.666015625 0.486328125 0.0244140625 0.06494140625
5 0.69384765625 0.488037109375 0.021728515625 0.057373046875
4 0.7451171875 0.49072265625 0.02099609375 0.068115234375
0 0.720947265625 0.48779296875 0.0224609375 0.06201171875
7 0.7705078125 0.48779296875 0.0263671875 0.05712890625
3 0.7978515625 0.490234375 0.022705078125 0.061767578125
14 0.289794921875 0.830322265625 0.0205078125 0.0458984375
14 0.312744140625 0.827880859375 0.01904296875 0.049072265625
14 0.357421875 0.828125 0.019775390625 0.047607421875
14 0.505615234375 0.827880859375 0.01806640625 0.0458984375
27 0.527099609375 0.825927734375 0.019775390625 0.049072265625
5 0.299072265625 0.70703125 0.023681640625 0.0498046875
5 0.27587890625 0.70556640625 0.0224609375 0.045654296875
23 0.276123046875 0.769287109375 0.0263671875 0.05078125
17 0.26806640625 0.82763671875 0.020263671875 0.050537109375
5 0.420654296875 0.712890625 0.022216796875 0.05517578125
10 0.464111328125 0.826171875 0.019287109375 0.04931640625
13 0.484375 0.82470703125 0.018310546875 0.052001953125
5 0.58251953125 0.712646484375 0.024169921875 0.049072265625
0 0.485595703125 0.710205078125 0.022705078125 0.049072265625
0 0.5458984375 0.71240234375 0.01708984375 0.04443359375
1 0.56201171875 0.712890625 0.0126953125 0.05029296875
1 0.526611328125 0.71044921875 0.017822265625 0.04541015625
6 0.44189453125 0.70947265625 0.0205078125 0.050537109375
3 0.462646484375 0.708740234375 0.018798828125 0.04541015625
13 0.379150390625 0.827392578125 0.019775390625 0.044189453125