14 0.290283203125 0.826416015625 0.02001953125 0.046142578125
14 0.312744140625 0.82421875 0.01953125 0.044921875
14 0.357177734375 0.825927734375 0.019775390625 0.04833984375
14 0.508056640625 0.8251953125 0.021484375 0.046875
27 0.5283203125 0.826416015625 0.023193359375 0.047607421875
13 0.379638671875 0.82568359375 0.0224609375 0.043212890625
32 0.24365234375 0.829345703125 0.02734375 0.04443359375
17 0.268798828125 0.82958984375 0.02001953125 0.043701171875
21 0.334228515625 0.83154296875 0.01904296875 0.045654296875
21 0.4189453125 0.828125 0.0205078125 0.045166015625
24 0.442626953125 0.8251953125 0.019287109375 0.04541015625
10 0.46435546875 0.8271484375 0.01904296875 0.046142578125
13 0.48583984375 0.827392578125 0.01904296875 0.04541015625
10 0.323486328125 0.76953125 0.021728515625 0.048583984375
23 0.275634765625 0.7685546875 0.02587890625 0.046630859375
30 0.48828125 0.48193359375 0.025390625 0.06201171875
27 0.583740234375 0.206787109375 0.0205078125 0.06494140625
14 0.5341796875 0.199951171875 0.022705078125 0.06640625
17 0.509521484375 0.200927734375 0.020263671875 0.0576171875
29 0.382080078125 0.18994140625 0.020263671875 0.06005859375
9 0.433837890625 0.191162109375 0.0224609375 0.067138671875
17 0.31298828125 0.0732421875 0.02783203125 0.057861328125
3 0.679931640625 0.2060546875 0.021240234375 0.07421875
1 0.703125 0.206298828125 0.010986328125 0.06396484375