13 0.233154296875 0.1884765625 0.021484375 0.0341796875
27 0.272216796875 0.1865234375 0.02001953125 0.032958984375
17 0.490966796875 0.254150390625 0.01904296875 0.040771484375
17 0.468505859375 0.254638671875 0.019775390625 0.04052734375
12 0.532470703125 0.25341796875 0.017333984375 0.0419921875
0 0.36279296875 0.255126953125 0.01953125 0.0439453125
6 0.255126953125 0.1865234375 0.01904296875 0.0341796875
6 0.4267578125 0.25341796875 0.01953125 0.047607421875
10 0.319091796875 0.25732421875 0.02197265625 0.04052734375
12 0.29638671875 0.25732421875 0.018798828125 0.04541015625
13 0.511962890625 0.251953125 0.018798828125 0.045166015625
29 0.34033203125 0.25439453125 0.019287109375 0.040771484375
13 0.406005859375 0.254638671875 0.01953125 0.04345703125
2 0.59228515625 0.24853515625 0.019287109375 0.045166015625
2 0.6328125 0.24853515625 0.017822265625 0.042724609375
9 0.61279296875 0.248779296875 0.0166015625 0.0419921875
0 0.572021484375 0.2490234375 0.018310546875 0.04248046875
27 0.447509765625 0.2548828125 0.017822265625 0.0380859375