27 0.272216796875 0.185302734375 0.017822265625 0.032470703125
27 0.447998046875 0.253662109375 0.016845703125 0.042236328125
17 0.468994140625 0.25390625 0.01953125 0.043701171875
17 0.489501953125 0.25341796875 0.0185546875 0.042724609375
13 0.511962890625 0.253173828125 0.017578125 0.037109375
13 0.4072265625 0.254638671875 0.02294921875 0.044921875
29 0.34033203125 0.255615234375 0.02197265625 0.046875
10 0.31982421875 0.255859375 0.0185546875 0.04150390625
12 0.29833984375 0.2578125 0.017333984375 0.04150390625
12 0.53125 0.252685546875 0.017578125 0.0390625
13 0.23388671875 0.1865234375 0.020263671875 0.031982421875
6 0.427734375 0.253173828125 0.01806640625 0.045166015625
6 0.253662109375 0.185791015625 0.017333984375 0.034423828125
9 0.613037109375 0.251220703125 0.01806640625 0.0400390625
2 0.633056640625 0.249267578125 0.017822265625 0.044189453125