33 0.394287109375 0.325927734375 0.02978515625 0.069580078125
22 0.5126953125 0.32421875 0.029541015625 0.057861328125
9 0.531005859375 0.16796875 0.02880859375 0.060791015625
9 0.561767578125 0.1689453125 0.02978515625 0.062744140625
3 0.44091796875 0.16796875 0.0302734375 0.06494140625
27 0.42333984375 0.329833984375 0.03076171875 0.056640625
27 0.453125 0.327392578125 0.023193359375 0.072265625
7 0.508544921875 0.253662109375 0.026611328125 0.05712890625
6 0.35595703125 0.419677734375 0.0283203125 0.067138671875
7 0.383544921875 0.55615234375 0.025634765625 0.04736328125
5 0.41552734375 0.557861328125 0.02783203125 0.05712890625
7 0.4931640625 0.49755859375 0.027587890625 0.0498046875
3 0.52294921875 0.55126953125 0.0322265625 0.052001953125
5 0.500244140625 0.166748046875 0.031982421875 0.05419921875
1 0.468017578125 0.167236328125 0.018310546875 0.055419921875
4 0.55419921875 0.497314453125 0.02978515625 0.049072265625
4 0.55517578125 0.55224609375 0.026123046875 0.053955078125