33 0.391357421875 0.326171875 0.030029296875 0.058837890625
9 0.531982421875 0.164794921875 0.02734375 0.05810546875
9 0.56201171875 0.1669921875 0.02783203125 0.0546875
9 0.408935546875 0.1640625 0.026123046875 0.061767578125
9 0.379150390625 0.169921875 0.03076171875 0.053955078125
9 0.45068359375 0.259521484375 0.025390625 0.052001953125
9 0.478515625 0.257568359375 0.02880859375 0.048095703125
7 0.5087890625 0.258056640625 0.028076171875 0.05712890625
22 0.513427734375 0.325927734375 0.033203125 0.048583984375
7 0.495361328125 0.49658203125 0.02685546875 0.04638671875
7 0.383544921875 0.556396484375 0.025634765625 0.048828125
5 0.416259765625 0.555908203125 0.02685546875 0.05615234375
3 0.52490234375 0.557373046875 0.025146484375 0.05712890625
4 0.5546875 0.554931640625 0.021728515625 0.049072265625
4 0.5546875 0.496337890625 0.026123046875 0.05224609375
27 0.422607421875 0.330078125 0.022705078125 0.053466796875
1 0.416015625 0.259033203125 0.023681640625 0.05908203125
3 0.440185546875 0.166748046875 0.02490234375 0.053955078125
5 0.5 0.16650390625 0.025390625 0.055419921875
1 0.4697265625 0.167724609375 0.0283203125 0.049560546875
0 0.48291015625 0.330078125 0.02783203125 0.053466796875
6 0.35498046875 0.41845703125 0.025390625 0.058837890625
9 0.416015625 0.5 0.02880859375 0.053466796875
9 0.356201171875 0.5009765625 0.02783203125 0.055419921875