22 0.247314453125 0.3671875 0.01171875 0.021240234375
16 0.259765625 0.364990234375 0.01171875 0.0224609375
6 0.306396484375 0.356201171875 0.01220703125 0.024658203125
8 0.326171875 0.392333984375 0.017578125 0.027587890625
2 0.27490234375 0.406494140625 0.017822265625 0.0302734375
3 0.2578125 0.41162109375 0.01416015625 0.02978515625
7 0.683837890625 0.43359375 0.01123046875 0.023681640625
8 0.6689453125 0.32568359375 0.02001953125 0.029296875
5 0.7177734375 0.316162109375 0.018798828125 0.029541015625
9 0.65869140625 0.292236328125 0.018310546875 0.025390625
5 0.634033203125 0.33203125 0.015380859375 0.027587890625