22 0.246826171875 0.367431640625 0.011474609375 0.017822265625
16 0.259521484375 0.364501953125 0.0107421875 0.018798828125
6 0.6533203125 0.33056640625 0.013671875 0.030029296875
1 0.673828125 0.288330078125 0.013427734375 0.02783203125
8 0.326171875 0.392822265625 0.0166015625 0.02587890625
7 0.685302734375 0.43359375 0.010986328125 0.022216796875
2 0.27490234375 0.406494140625 0.01708984375 0.027587890625
3 0.6865234375 0.322509765625 0.01611328125 0.029052734375
6 0.30712890625 0.355712890625 0.014404296875 0.020751953125
0 0.294921875 0.35888671875 0.01318359375 0.02392578125
5 0.2822265625 0.35986328125 0.010986328125 0.02197265625
2 0.30859375 0.396240234375 0.013671875 0.025390625
3 0.258056640625 0.410888671875 0.016357421875 0.03466796875
2 0.338134765625 0.5078125 0.012939453125 0.029296875
1 0.318359375 0.50927734375 0.010009765625 0.026611328125
1 0.70849609375 0.283203125 0.012451171875 0.02587890625
9 0.657958984375 0.29443359375 0.014404296875 0.025146484375
2 0.642333984375 0.29833984375 0.0166015625 0.025146484375
8 0.6689453125 0.328369140625 0.01416015625 0.032470703125
3 0.701171875 0.3203125 0.015625 0.027587890625
5 0.63525390625 0.333984375 0.0166015625 0.0283203125
5 0.7177734375 0.31689453125 0.01416015625 0.03125
2 0.673095703125 0.43701171875 0.011474609375 0.0205078125