17 0.457763671875 0.3720703125 0.02392578125 0.041015625
17 0.55078125 0.4404296875 0.02001953125 0.041748046875
31 0.571533203125 0.43896484375 0.021240234375 0.04345703125
12 0.416748046875 0.43896484375 0.021240234375 0.0361328125
35 0.61376953125 0.4404296875 0.018798828125 0.037353515625
20 0.63671875 0.43798828125 0.02001953125 0.044921875
29 0.45947265625 0.439208984375 0.021484375 0.039794921875
6 0.53271484375 0.655029296875 0.02392578125 0.041748046875
4 0.4150390625 0.373046875 0.02001953125 0.03759765625
4 0.51123046875 0.440673828125 0.017578125 0.038330078125
6 0.67724609375 0.441162109375 0.02001953125 0.040771484375
9 0.695068359375 0.439453125 0.02099609375 0.04443359375
7 0.730712890625 0.436767578125 0.015380859375 0.039306640625
7 0.48828125 0.59130859375 0.01953125 0.04052734375
2 0.512451171875 0.591796875 0.02197265625 0.05029296875
23 0.420654296875 0.590087890625 0.024658203125 0.041015625
34 0.441650390625 0.64990234375 0.019287109375 0.037841796875
1 0.48681640625 0.651611328125 0.017333984375 0.042724609375
1 0.507568359375 0.65380859375 0.017822265625 0.0439453125
6 0.3330078125 0.586669921875 0.025146484375 0.041259765625
6 0.65673828125 0.59765625 0.022216796875 0.04443359375
4 0.67724609375 0.59619140625 0.021240234375 0.04052734375
4 0.72705078125 0.60107421875 0.018798828125 0.0400390625
23 0.420166015625 0.65087890625 0.025146484375 0.033935546875
12 0.44287109375 0.590576171875 0.018310546875 0.037841796875
3 0.26904296875 0.5859375 0.02392578125 0.04443359375
2 0.594482421875 0.441162109375 0.01904296875 0.04248046875
3 0.727783203125 0.660888671875 0.021484375 0.045654296875
4 0.753173828125 0.660400390625 0.0244140625 0.044677734375
4 0.6318359375 0.66015625 0.022705078125 0.043701171875
3 0.557861328125 0.5947265625 0.01953125 0.048828125