31 0.571533203125 0.438720703125 0.02001953125 0.041748046875
35 0.6142578125 0.4384765625 0.02197265625 0.0380859375
20 0.635986328125 0.438232421875 0.0205078125 0.040283203125
23 0.421630859375 0.59033203125 0.021728515625 0.0390625
34 0.443115234375 0.65234375 0.019775390625 0.041015625
22 0.419677734375 0.650390625 0.0224609375 0.044921875
29 0.45849609375 0.4365234375 0.01513671875 0.03955078125
10 0.43798828125 0.441650390625 0.015380859375 0.0341796875
12 0.415283203125 0.4375 0.02001953125 0.03662109375
4 0.51318359375 0.439453125 0.016845703125 0.03466796875
17 0.55078125 0.43603515625 0.0205078125 0.041748046875
6 0.67578125 0.439208984375 0.015869140625 0.043212890625
9 0.695068359375 0.439453125 0.019775390625 0.0390625
7 0.73193359375 0.4345703125 0.015869140625 0.037353515625
3 0.703857421875 0.598876953125 0.02197265625 0.040771484375
3 0.728515625 0.659912109375 0.025634765625 0.0458984375
4 0.632568359375 0.59716796875 0.02099609375 0.045166015625
4 0.654296875 0.659912109375 0.021240234375 0.0458984375
2 0.680908203125 0.659423828125 0.01953125 0.044677734375
7 0.488525390625 0.592041015625 0.01904296875 0.047607421875
3 0.533935546875 0.59326171875 0.01953125 0.045166015625
6 0.53271484375 0.6552734375 0.02197265625 0.044189453125
6 0.556884765625 0.655029296875 0.023193359375 0.04052734375
1 0.48486328125 0.65380859375 0.02001953125 0.04296875
6 0.3330078125 0.59033203125 0.0244140625 0.042236328125
3 0.289306640625 0.589599609375 0.020263671875 0.040771484375
4 0.396728515625 0.65283203125 0.0185546875 0.039306640625
12 0.443115234375 0.58984375 0.02197265625 0.04443359375
17 0.457275390625 0.369140625 0.0244140625 0.04052734375
4 0.415771484375 0.37109375 0.0166015625 0.03662109375
1 0.3994140625 0.370849609375 0.01171875 0.032958984375