31 0.572265625 0.43994140625 0.019287109375 0.04052734375
35 0.614990234375 0.439208984375 0.017822265625 0.047607421875
20 0.636474609375 0.43994140625 0.0185546875 0.043701171875
6 0.67529296875 0.439453125 0.018798828125 0.04248046875
4 0.5126953125 0.439697265625 0.017822265625 0.037353515625
7 0.48876953125 0.5908203125 0.019775390625 0.04150390625
34 0.444091796875 0.65478515625 0.01953125 0.043701171875
22 0.418701171875 0.651123046875 0.022705078125 0.03955078125
3 0.703125 0.5986328125 0.0244140625 0.041748046875
6 0.557373046875 0.6533203125 0.021240234375 0.045166015625
1 0.488037109375 0.652587890625 0.014892578125 0.044921875
23 0.421630859375 0.58984375 0.02294921875 0.044921875
4 0.656494140625 0.65966796875 0.019287109375 0.045166015625
1 0.39794921875 0.3701171875 0.010498046875 0.03564453125
1 0.496337890625 0.439453125 0.013916015625 0.03759765625
1 0.713134765625 0.439208984375 0.010498046875 0.039306640625
1 0.608642578125 0.595458984375 0.02099609375 0.043212890625
1 0.608154296875 0.659423828125 0.01611328125 0.041748046875
6 0.399658203125 0.58984375 0.018798828125 0.050537109375
6 0.333984375 0.586669921875 0.021728515625 0.04296875
3 0.288330078125 0.586181640625 0.02099609375 0.03857421875
3 0.264404296875 0.585693359375 0.021728515625 0.040771484375
1 0.4638671875 0.65234375 0.013916015625 0.04736328125
1 0.5078125 0.6533203125 0.018310546875 0.044189453125
6 0.533447265625 0.654541015625 0.021484375 0.04443359375
4 0.397705078125 0.649658203125 0.0185546875 0.041015625
12 0.445068359375 0.59326171875 0.0205078125 0.044677734375
29 0.468994140625 0.58837890625 0.017822265625 0.044189453125
0 0.3115234375 0.587646484375 0.021728515625 0.038818359375
6 0.656005859375 0.59716796875 0.0224609375 0.0390625
4 0.67822265625 0.598388671875 0.021728515625 0.036376953125
4 0.632568359375 0.593505859375 0.020751953125 0.039306640625
4 0.6318359375 0.658935546875 0.018798828125 0.043212890625
4 0.7265625 0.601806640625 0.019775390625 0.0390625
4 0.75146484375 0.6630859375 0.021484375 0.038818359375
0 0.749755859375 0.601806640625 0.025634765625 0.0419921875
2 0.703125 0.662109375 0.018798828125 0.044677734375
3 0.55615234375 0.593017578125 0.0224609375 0.042236328125
3 0.533935546875 0.593017578125 0.01953125 0.047119140625
3 0.728759765625 0.661376953125 0.02392578125 0.04541015625
4 0.4150390625 0.37060546875 0.016357421875 0.03515625
9 0.6943359375 0.44091796875 0.018310546875 0.04248046875
29 0.458251953125 0.438232421875 0.01904296875 0.041015625
10 0.43701171875 0.4404296875 0.021728515625 0.04443359375
12 0.416015625 0.4384765625 0.024658203125 0.035400390625
17 0.457763671875 0.370849609375 0.02734375 0.035888671875
17 0.551513671875 0.440185546875 0.021484375 0.036376953125
7 0.72998046875 0.43798828125 0.0224609375 0.03955078125
2 0.593994140625 0.43896484375 0.021728515625 0.041259765625
0 0.65576171875 0.439697265625 0.018310546875 0.051513671875
0 0.4365234375 0.368408203125 0.013916015625 0.033447265625