1 0.533935546875 0.4853515625 0.017822265625 0.058837890625
7 0.213623046875 0.472412109375 0.021728515625 0.057373046875
2 0.0966796875 0.47021484375 0.02587890625 0.067626953125
8 0.773681640625 0.491943359375 0.018798828125 0.069580078125
2 0.845703125 0.49853515625 0.027099609375 0.06982421875
4 0.798095703125 0.49169921875 0.020751953125 0.06689453125
4 0.7490234375 0.48974609375 0.026123046875 0.067626953125
4 0.5556640625 0.48681640625 0.0234375 0.06689453125
6 0.58349609375 0.483642578125 0.026123046875 0.060546875
4 0.263671875 0.4755859375 0.023681640625 0.06494140625
5 0.191162109375 0.474365234375 0.025146484375 0.067626953125
4 0.2392578125 0.4765625 0.02490234375 0.064453125
3 0.11962890625 0.475830078125 0.01904296875 0.06298828125
0 0.14794921875 0.47705078125 0.025634765625 0.0654296875
1 0.442138671875 0.487060546875 0.014404296875 0.082763671875
0 0.46533203125 0.4794921875 0.019775390625 0.080322265625