28 0.545166015625 0.330810546875 0.025390625 0.086181640625
22 0.612060546875 0.328369140625 0.029296875 0.109130859375
29 0.318359375 0.31298828125 0.026611328125 0.09716796875
10 0.28515625 0.31884765625 0.0302734375 0.101806640625
10 0.5107421875 0.33203125 0.025390625 0.1005859375
4 0.75830078125 0.32568359375 0.029296875 0.10400390625
5 0.447998046875 0.31884765625 0.0322265625 0.101806640625
12 0.2578125 0.306396484375 0.03076171875 0.0927734375
3 0.381591796875 0.316162109375 0.026611328125 0.0966796875
4 0.41455078125 0.320556640625 0.029541015625 0.10546875
4 0.170654296875 0.1552734375 0.01708984375 0.0732421875
12 0.20751953125 0.15380859375 0.02685546875 0.061279296875