28 0.544921875 0.3251953125 0.0234375 0.087890625
22 0.61181640625 0.330322265625 0.034912109375 0.100341796875
12 0.206298828125 0.14892578125 0.019775390625 0.06982421875
12 0.25390625 0.311279296875 0.02294921875 0.09814453125
29 0.317626953125 0.319580078125 0.021484375 0.112548828125
3 0.379638671875 0.314697265625 0.025146484375 0.100341796875
3 0.1552734375 0.1552734375 0.019775390625 0.0751953125
10 0.511962890625 0.329833984375 0.029052734375 0.105224609375
5 0.447509765625 0.31884765625 0.0322265625 0.09033203125
2 0.718017578125 0.3310546875 0.0302734375 0.126220703125
4 0.756103515625 0.325927734375 0.03076171875 0.104248046875
4 0.416259765625 0.323486328125 0.02978515625 0.1064453125
8 0.794677734375 0.3232421875 0.03076171875 0.108154296875