22 0.612060546875 0.330078125 0.029052734375 0.09814453125
4 0.4130859375 0.322998046875 0.02734375 0.093017578125
8 0.794921875 0.32080078125 0.030029296875 0.101806640625
28 0.547119140625 0.3271484375 0.0244140625 0.091552734375
10 0.511962890625 0.325439453125 0.02294921875 0.096435546875
5 0.445556640625 0.32080078125 0.028076171875 0.1005859375
29 0.317138671875 0.309814453125 0.025146484375 0.10009765625
3 0.380859375 0.31884765625 0.028076171875 0.099365234375
12 0.207275390625 0.14990234375 0.025634765625 0.0625
12 0.255615234375 0.308837890625 0.028564453125 0.0849609375
4 0.75830078125 0.323486328125 0.03173828125 0.103515625