19 0.35986328125 0.632568359375 0.026611328125 0.04638671875
11 0.387939453125 0.634521484375 0.02392578125 0.05322265625
0 0.452880859375 0.6259765625 0.02734375 0.0478515625
6 0.48095703125 0.620849609375 0.0244140625 0.049560546875
9 0.5126953125 0.621337890625 0.02587890625 0.047607421875
2 0.443115234375 0.532470703125 0.031982421875 0.059326171875
7 0.404052734375 0.5322265625 0.027587890625 0.064453125
10 0.32568359375 0.63720703125 0.02490234375 0.04638671875
7 0.5419921875 0.619384765625 0.023681640625 0.0517578125
1 0.48193359375 0.53564453125 0.020751953125 0.0625
0 0.52099609375 0.537353515625 0.029296875 0.060791015625
0 0.571044921875 0.61865234375 0.025146484375 0.05029296875
2 0.599365234375 0.615478515625 0.028076171875 0.051025390625