30 0.62646484375 0.4873046875 0.02783203125 0.050048828125
34 0.358154296875 0.488525390625 0.02587890625 0.058349609375
1 0.72314453125 0.48486328125 0.018798828125 0.0537109375
16 0.84228515625 0.48583984375 0.025634765625 0.051513671875
7 0.553955078125 0.4169921875 0.021728515625 0.04931640625
3 0.55859375 0.49072265625 0.026123046875 0.05419921875
8 0.685546875 0.423828125 0.025634765625 0.054931640625
0 0.462158203125 0.490478515625 0.026123046875 0.0537109375
5 0.4287109375 0.493408203125 0.03173828125 0.062255859375
13 0.392822265625 0.489501953125 0.03369140625 0.06005859375
2 0.49072265625 0.419677734375 0.02197265625 0.058837890625
6 0.58984375 0.41796875 0.026611328125 0.060302734375
2 0.810546875 0.486328125 0.021484375 0.045654296875
7 0.781982421875 0.486328125 0.022216796875 0.05615234375
0 0.716796875 0.42236328125 0.02587890625 0.057861328125
0 0.75341796875 0.489013671875 0.02001953125 0.05615234375
7 0.493408203125 0.489013671875 0.023681640625 0.0556640625
3 0.5263671875 0.490234375 0.028076171875 0.057373046875
7 0.656982421875 0.488525390625 0.02294921875 0.060546875
5 0.68798828125 0.4892578125 0.02734375 0.05859375
1 0.65869140625 0.422607421875 0.021484375 0.062744140625
0 0.52392578125 0.42138671875 0.0283203125 0.06396484375