28 0.303955078125 0.72998046875 0.040283203125 0.057373046875
21 0.2646484375 0.730712890625 0.037353515625 0.0625
10 0.573486328125 0.733642578125 0.034912109375 0.05517578125
8 0.462646484375 0.464111328125 0.033935546875 0.056884765625
8 0.701904296875 0.20849609375 0.046142578125 0.058349609375
4 0.387939453125 0.470947265625 0.0341796875 0.060791015625
4 0.42236328125 0.468994140625 0.03173828125 0.057861328125
15 0.57421875 0.4638671875 0.03271484375 0.05908203125
9 0.6748046875 0.46484375 0.031982421875 0.05615234375
1 0.640380859375 0.46435546875 0.022705078125 0.05615234375
31 0.3408203125 0.728515625 0.037109375 0.05712890625
4 0.416748046875 0.730224609375 0.03466796875 0.061767578125
3 0.49609375 0.731201171875 0.033203125 0.05712890625
9 0.672607421875 0.72900390625 0.043212890625 0.059326171875
7 0.609130859375 0.72802734375 0.03515625 0.062255859375