30 0.220947265625 0.215576171875 0.038818359375 0.049072265625
28 0.261474609375 0.218017578125 0.0380859375 0.05224609375
11 0.32470703125 0.216796875 0.036376953125 0.0556640625
27 0.361572265625 0.215576171875 0.0380859375 0.05712890625
16 0.39990234375 0.215576171875 0.038818359375 0.055908203125
8 0.515380859375 0.212890625 0.037353515625 0.057373046875
17 0.611572265625 0.21142578125 0.03662109375 0.053466796875
7 0.64501953125 0.212158203125 0.03271484375 0.05615234375
27 0.259033203125 0.46875 0.036376953125 0.056396484375
13 0.299560546875 0.46728515625 0.0380859375 0.05908203125
22 0.34375 0.4697265625 0.04931640625 0.06103515625
4 0.423828125 0.469482421875 0.031982421875 0.054931640625
15 0.57373046875 0.465087890625 0.030029296875 0.053466796875
9 0.674072265625 0.466064453125 0.038818359375 0.059326171875
21 0.26318359375 0.7314453125 0.033447265625 0.061767578125
28 0.302978515625 0.73046875 0.03857421875 0.063720703125
31 0.340576171875 0.728515625 0.03759765625 0.06005859375
8 0.456298828125 0.73095703125 0.039306640625 0.056396484375
10 0.57275390625 0.731201171875 0.040283203125 0.059814453125