0 0.3862426118803831 0.41512116351332384 0.18568950725639422 0.18443997402109952
0 0.5725372651457604 0.5053030391435777 0.13610616950744614 0.14824039406758568
0 0.7263815169598591 0.5589247019005968 0.13794148801910033 0.15616215471124734
0 0.837423053125 0.497398790625 0.8174891109375 0.6090380453125 0.9300923796875 0.6018026765625 0.9280733046874999 0.5232505390625 0.837423053125 0.497398790625
0 1 0.4621205921875 0.9251806984375 0.49981795 0.9461846062499999 0.6131799328125 1 0.5793336265625 1 0.4621205921875
0 0.0721536984375 0.2891534671875 0.08414728906249999 0.3890159578125 0.09068815625 0.38521498906249996 0.153935696875 0.28507945625 0.1214943328125 0.227793671875 0.0721536984375 0.2891534671875
0 0.1415203889222251 0.3925531227802622 0.10641866950744613 0.14616444183801286
0 0.269367625127227 0.5051455939513703 0.187306570958725 0.18611173466476122
0 0.5178274616950487 0.6347448846844317 0.34324903611233476 0.23286603838727302
0 0.9393323984374999 0.7172172515625 0.9235031484375 0.62954938125 0.709637340625 0.6358353921875 0.6960085031250001 0.75258048125 0.918697228125 0.7447550281249999 0.9393323984374999 0.7172172515625
0 1 0.59564074375 0.9338313093749999 0.6374995328125 0.95707193125 0.7216578296875 1 0.689715403125 1 0.59564074375
0 0.26938921250000003 0.6457152078124999 0.17069587656250002 0.5587638859374999 0.12111645 0.6844414249999999 0.2152456875 0.7668697015625 0.26938921250000003 0.6457152078124999
0 0.1259012171875 0.5257977046875 0.061583714062499996 0.40093200625 0.0168257625 0.4818268109375 0.0178425 0.5109423640624999 0.064724146875 0.6251286984375 0.1259012171875 0.5257977046875
0 0.537956456337571 0.8317673501555565 0.38770836424263583 0.25623783640980163
0 0.8230407844678723 0.8719652873019923 0.156875026493688 0.20736402179152655