0 0.32349289518418844 0.44333586006628456 0.16057673111680745 0.1475347428284238
0 0.5200846121675017 0.4705506684111379 0.11559842378986111 0.12256945916315978
0 0.678883080055326 0.47218263419771966 0.11608974672063965 0.13194445916315994
0 0.7721633703124999 0.3759807578125 0.7764001625 0.491683559375 0.8826532281249999 0.447745784375 0.8643165765624999 0.3715869796875 0.7721633703124999 0.3759807578125
0 0.8566547640625 0.34961809375 0.9004298343749999 0.45360415468750004 0.9761366046875001 0.367193203125 0.93575825625 0.2734592859375 0.8566547640625 0.34961809375
0 0 0.43359331875 0.028626212499999998 0.5165816296875 0.034092209375 0.5107232578125 0.0737099453125 0.3920912734375 0.0306995625 0.34668890625 0 0.41464303906250005 0 0.43359331875
0 0.0848973846687389 0.5007490228654907 0.0831953595655099 0.12923612141421187
0 0.23075876130841907 0.5700223564380875 0.16378361827193713 0.14920637023308564
0 0.49450035674043474 0.615235685834333 0.32315861827193715 0.15477186787083283
0 0.915598621875 0.5575902171875 0.8821416234375 0.4770376328125 0.6787796 0.5531964406250001 0.6901168 0.6718284265625 0.901601084375 0.59127584375 0.915598621875 0.5575902171875
0 0.97669800625 0.3862329046875 0.8936861859375 0.4814314125 0.9335031265625 0.5561256234374999 0.9746771765625001 0.5019357062500001 0.97669800625 0.3862329046875
0 0.25951471718749997 0.7069786453125 0.146904425 0.6542533171875 0.1257014390625 0.793389596875 0.23299921562499998 0.843185740625 0.25951471718749997 0.7069786453125
0 0 0.670654890625 0.059346132812499994 0.753845603125 0.09715039375 0.6366782062499999 0.0095207984375 0.5356213296875 0 0.5700340859375 0 0.670654890625
0 0.555972366012689 0.801312084290387 0.3674818283578455 0.1672371515360968
0 0.8366734893730087 0.7469346414541139 0.12339763568479176 0.18210815027015242