0 0.3626475443006877 0.4664127821038197 0.183084057737216 0.16966180262104177
0 0.560265996945641 0.45696896618375044 0.134388952503779 0.1373207748856252
0 0.713914641712204 0.42933754150621584 0.13649748407380996 0.1467321424768056
0 0.7771678296875 0.31793276718749997 0.813834521875 0.43044065312499996 0.903982290625 0.3677703578125 0.8648457109375001 0.29658964062500004 0.7771678296875 0.31793276718749997
0 0.85126728125 0.2764954421875 0.9227838046875 0.37021938906249996 0.9714993421875 0.271609734375 0.9061469109375 0.1872961421875 0.85126728125 0.2764954421875
0 0.041757484375 0.5072964109375 0.0993471078125 0.593097775 0.1029714796875 0.5863507343750001 0.10779353750000001 0.4628651578125 0.05351041250000001 0.4263625140625 0.041757484375 0.5072964109375
0 0.14930465209437344 0.5675531355429515 0.10479245776545087 0.1381922906531944
0 0.30925577574366186 0.6079450122521878 0.18630006299888785 0.17129703780340294
0 0.576587488911959 0.6032445541396532 0.3441881577089811 0.20305879692145865
0 0.9666992406249999 0.46923319374999994 0.9117364562500001 0.39654631875 0.736964596875 0.5087234421875 0.7813069765625 0.622786459375 0.9626785203124999 0.5048051703125 0.9666992406249999 0.46923319374999994
0 1 0.3740104 0.977402084375 0.290148803125 0.924112525 0.3987137078125 0.9835622109375001 0.464488234375 1 0.423728096875 1 0.3740104
0 0.375733103125 0.7368308 0.25223378125 0.706028196875 0.270952853125 0.8461854765625001 0.38850155468750003 0.8751023312499999 0.375733103125 0.7368308
0 0.19927937499999998 0.6980198734374999 0.08627410156250001 0.6152736187500001 0.08783824999999999 0.7254304234375 0.1957946765625 0.8197360375 0.19927937499999998 0.6980198734374999
0 0.6879785571725187 0.7743584475663894 0.3889392155873715 0.22126458947451405
0 0.9336633050004993 0.669530702884723 0.1326733899990014 0.19549695079743082