11 0.326416015625 0.213134765625 0.0322265625 0.051513671875
16 0.399658203125 0.21484375 0.037841796875 0.049072265625
30 0.222900390625 0.21875 0.037109375 0.064453125
28 0.261474609375 0.21923828125 0.035888671875 0.055908203125
22 0.343505859375 0.4677734375 0.0517578125 0.05224609375
15 0.57421875 0.46435546875 0.02978515625 0.050048828125
13 0.298583984375 0.46923828125 0.038330078125 0.0546875
31 0.34033203125 0.729736328125 0.036376953125 0.05126953125
21 0.26025390625 0.732666015625 0.03369140625 0.052001953125
10 0.572509765625 0.733154296875 0.033447265625 0.0517578125
4 0.418212890625 0.730712890625 0.037109375 0.060791015625
9 0.6748046875 0.464599609375 0.035400390625 0.05712890625
17 0.61181640625 0.208251953125 0.03271484375 0.0498046875
8 0.703857421875 0.210693359375 0.038330078125 0.051513671875
27 0.360595703125 0.21240234375 0.03271484375 0.0556640625
8 0.514892578125 0.2138671875 0.0390625 0.05859375
0 0.474853515625 0.212158203125 0.033447265625 0.05517578125
0 0.55224609375 0.2119140625 0.03271484375 0.050048828125
1 0.5859375 0.212646484375 0.01416015625 0.053955078125
7 0.644775390625 0.20751953125 0.029541015625 0.04931640625
27 0.2578125 0.468017578125 0.03076171875 0.057373046875
4 0.3876953125 0.468505859375 0.03125 0.05126953125
4 0.4228515625 0.46923828125 0.034423828125 0.047119140625
8 0.46240234375 0.466064453125 0.035400390625 0.055908203125
0 0.5 0.468017578125 0.037353515625 0.059814453125
9 0.612548828125 0.464599609375 0.036865234375 0.0556640625
1 0.643798828125 0.463134765625 0.0205078125 0.0546875
2 0.538330078125 0.46435546875 0.03173828125 0.0546875
28 0.30126953125 0.730712890625 0.0390625 0.059326171875
0 0.38037109375 0.73046875 0.033447265625 0.057373046875
8 0.460205078125 0.731689453125 0.034423828125 0.062255859375
3 0.497802734375 0.73046875 0.0341796875 0.059814453125
2 0.534423828125 0.73095703125 0.03515625 0.0595703125
7 0.60595703125 0.72802734375 0.03857421875 0.05615234375
1 0.63671875 0.7275390625 0.022216796875 0.0517578125
9 0.67138671875 0.727783203125 0.0400390625 0.056884765625