11 0.3251953125 0.21337890625 0.033447265625 0.05908203125
27 0.361328125 0.214599609375 0.0322265625 0.06591796875
16 0.39794921875 0.21240234375 0.03857421875 0.058349609375
17 0.610107421875 0.20849609375 0.0361328125 0.053955078125
8 0.461181640625 0.4677734375 0.039794921875 0.0615234375
27 0.25830078125 0.46923828125 0.036865234375 0.054443359375
13 0.298095703125 0.466064453125 0.035400390625 0.057861328125
22 0.34228515625 0.46728515625 0.049072265625 0.05712890625
15 0.573974609375 0.464599609375 0.03759765625 0.056396484375
7 0.608642578125 0.729248046875 0.034912109375 0.05322265625
31 0.3388671875 0.72802734375 0.0390625 0.055908203125
28 0.301025390625 0.72802734375 0.03955078125 0.055908203125
21 0.262451171875 0.72802734375 0.037353515625 0.060546875
10 0.571533203125 0.728759765625 0.0341796875 0.060302734375