13 0.140625 0.299560546875 0.038330078125 0.066162109375
23 0.21533203125 0.2958984375 0.044189453125 0.06396484375
21 0.28076171875 0.29248046875 0.0400390625 0.07421875
16 0.31884765625 0.28564453125 0.03857421875 0.07080078125
25 0.35791015625 0.283203125 0.042724609375 0.064453125
34 0.4716796875 0.41943359375 0.031982421875 0.064453125
21 0.430908203125 0.426025390625 0.041015625 0.0654296875
10 0.393310546875 0.42236328125 0.035400390625 0.0634765625
10 0.47509765625 0.713134765625 0.03466796875 0.063232421875
22 0.42919921875 0.707275390625 0.050048828125 0.0615234375
11 0.38818359375 0.70849609375 0.037841796875 0.06201171875
11 0.4130859375 0.963134765625 0.03125 0.052001953125
19 0.444580078125 0.96533203125 0.030029296875 0.055908203125
16 0.48193359375 0.96923828125 0.0390625 0.056396484375
3 0.68017578125 0.71484375 0.039794921875 0.068359375