11 0.38671875 0.7099609375 0.037353515625 0.0625
22 0.428466796875 0.709228515625 0.043212890625 0.059326171875
25 0.357421875 0.287353515625 0.042724609375 0.07177734375
16 0.318359375 0.2880859375 0.0380859375 0.0673828125
21 0.2802734375 0.2919921875 0.03759765625 0.0625
23 0.220703125 0.294921875 0.046630859375 0.06103515625
34 0.4697265625 0.420166015625 0.0361328125 0.071044921875
11 0.41015625 0.964111328125 0.0341796875 0.055419921875
19 0.448486328125 0.965087890625 0.025634765625 0.06103515625
16 0.479248046875 0.96923828125 0.0390625 0.058349609375
6 0.644775390625 0.42041015625 0.04052734375 0.0654296875
6 0.69580078125 0.41796875 0.0517578125 0.076171875
8 0.74169921875 0.2646484375 0.038330078125 0.06689453125
6 0.318115234375 0.5634765625 0.052001953125 0.057373046875
10 0.47265625 0.7138671875 0.038818359375 0.06591796875
8 0.5693359375 0.84912109375 0.051513671875 0.067626953125
4 0.557861328125 0.970947265625 0.041259765625 0.057861328125
10 0.391845703125 0.423583984375 0.033447265625 0.063232421875
21 0.4296875 0.42529296875 0.045166015625 0.06005859375
8 0.60205078125 0.271240234375 0.047119140625 0.069580078125
5 0.556396484375 0.274658203125 0.038818359375 0.06884765625
7 0.8369140625 0.25927734375 0.046142578125 0.071533203125
7 0.687744140625 0.26171875 0.039794921875 0.06884765625
13 0.138427734375 0.3017578125 0.043212890625 0.057861328125