21 0.27880859375 0.291015625 0.044189453125 0.068115234375
16 0.31689453125 0.286865234375 0.038330078125 0.072509765625
25 0.35595703125 0.284423828125 0.044189453125 0.06787109375
13 0.140869140625 0.2978515625 0.042724609375 0.0673828125
23 0.2177734375 0.296142578125 0.050048828125 0.076416015625
34 0.470458984375 0.419189453125 0.037109375 0.06787109375
21 0.433837890625 0.425537109375 0.03564453125 0.070068359375
10 0.391357421875 0.422119140625 0.04345703125 0.067626953125
10 0.47265625 0.71240234375 0.046630859375 0.064453125
22 0.4296875 0.7099609375 0.04833984375 0.06982421875
11 0.387939453125 0.70654296875 0.038818359375 0.063232421875
11 0.412353515625 0.9609375 0.03662109375 0.060546875
19 0.446044921875 0.965576171875 0.02978515625 0.0634765625
16 0.480224609375 0.9697265625 0.03369140625 0.05712890625
8 0.593017578125 0.71728515625 0.03857421875 0.068115234375
4 0.670654296875 0.571533203125 0.044677734375 0.066162109375
7 0.683837890625 0.264892578125 0.05078125 0.06787109375