17 0.432861328125 0.52392578125 0.027587890625 0.03125
11 0.668701171875 0.521240234375 0.029541015625 0.027587890625
3 0.52197265625 0.574951171875 0.026611328125 0.029052734375
28 0.405029296875 0.524658203125 0.02490234375 0.0380859375
3 0.462646484375 0.52197265625 0.027587890625 0.031494140625
3 0.524169921875 0.574462890625 0.0234375 0.029296875
3 0.40576171875 0.5751953125 0.0244140625 0.031005859375
5 0.4365234375 0.574462890625 0.0244140625 0.03369140625
3 0.639404296875 0.521728515625 0.0224609375 0.029541015625
3 0.611083984375 0.5751953125 0.0244140625 0.03125
5 0.491943359375 0.521240234375 0.0263671875 0.031982421875
8 0.669677734375 0.574951171875 0.02587890625 0.026611328125
4 0.639892578125 0.57568359375 0.022216796875 0.030517578125
10 0.491455078125 0.574951171875 0.02685546875 0.02734375
0 0.463623046875 0.57568359375 0.028564453125 0.0322265625
13 0.580078125 0.52197265625 0.026611328125 0.030517578125
17 0.55224609375 0.519775390625 0.027099609375 0.030517578125
6 0.581298828125 0.57421875 0.022705078125 0.03515625