28 0.406005859375 0.52197265625 0.026123046875 0.031005859375
17 0.434326171875 0.520751953125 0.02587890625 0.03173828125
17 0.552490234375 0.522216796875 0.03076171875 0.031494140625
13 0.5810546875 0.521240234375 0.02685546875 0.034423828125
10 0.49169921875 0.57568359375 0.02685546875 0.03369140625
6 0.582275390625 0.573974609375 0.030517578125 0.029541015625
5 0.43359375 0.576416015625 0.02978515625 0.0302734375
4 0.638916015625 0.57373046875 0.02587890625 0.031982421875
3 0.404296875 0.57666015625 0.021728515625 0.03369140625
3 0.6376953125 0.521240234375 0.026123046875 0.031982421875
8 0.66943359375 0.574462890625 0.029541015625 0.029541015625
0 0.46435546875 0.5771484375 0.024658203125 0.031005859375