28 0.404052734375 0.52099609375 0.02392578125 0.031982421875
17 0.43408203125 0.521484375 0.029052734375 0.029296875
17 0.55126953125 0.5205078125 0.02685546875 0.025634765625
13 0.5810546875 0.522705078125 0.027587890625 0.029052734375
11 0.669189453125 0.521728515625 0.02783203125 0.02880859375
10 0.49560546875 0.575439453125 0.025390625 0.028564453125
6 0.581787109375 0.57568359375 0.02685546875 0.02978515625
3 0.610595703125 0.574951171875 0.02685546875 0.028564453125
5 0.490966796875 0.521240234375 0.029296875 0.03271484375
5 0.435791015625 0.574462890625 0.026123046875 0.03271484375
3 0.521240234375 0.574462890625 0.029052734375 0.035400390625
8 0.669677734375 0.5751953125 0.029052734375 0.03076171875
3 0.64013671875 0.574462890625 0.025390625 0.03076171875