28 0.403564453125 0.52197265625 0.024169921875 0.030029296875
17 0.433837890625 0.5205078125 0.026123046875 0.029541015625
17 0.5517578125 0.521484375 0.02734375 0.030029296875
13 0.58056640625 0.520751953125 0.026611328125 0.032470703125
11 0.669189453125 0.5205078125 0.029296875 0.03466796875
8 0.67138671875 0.574951171875 0.028564453125 0.029052734375
4 0.63916015625 0.57421875 0.02783203125 0.029541015625
10 0.494384765625 0.57470703125 0.028564453125 0.029541015625
3 0.4072265625 0.576904296875 0.02490234375 0.0322265625
5 0.493408203125 0.51953125 0.02099609375 0.0302734375
3 0.523193359375 0.574462890625 0.024658203125 0.033203125
6 0.580078125 0.5751953125 0.02734375 0.0263671875
6 0.638671875 0.5224609375 0.02490234375 0.02783203125
5 0.43408203125 0.575927734375 0.024658203125 0.0322265625