31 0.31298828125 0.488037109375 0.050048828125 0.06494140625
18 0.349365234375 0.489990234375 0.022216796875 0.060791015625
23 0.385009765625 0.489990234375 0.048828125 0.0654296875
23 0.457275390625 0.4912109375 0.04345703125 0.0615234375
30 0.50732421875 0.489501953125 0.044189453125 0.0615234375
22 0.557861328125 0.491943359375 0.052734375 0.0615234375
11 0.608154296875 0.492431640625 0.044921875 0.05419921875
14 0.65283203125 0.490966796875 0.03515625 0.0576171875
27 0.7001953125 0.4921875 0.04248046875 0.063720703125
35 0.245361328125 0.56201171875 0.038330078125 0.056396484375
30 0.19677734375 0.561279296875 0.04541015625 0.054931640625
15 0.6455078125 0.5625 0.034912109375 0.05224609375
27 0.69189453125 0.56494140625 0.0439453125 0.049072265625
13 0.815185546875 0.56396484375 0.044921875 0.055419921875
0 0.447998046875 0.562744140625 0.0380859375 0.05615234375
5 0.406005859375 0.56396484375 0.034912109375 0.0537109375
3 0.36376953125 0.565185546875 0.036376953125 0.057861328125
3 0.4931640625 0.561767578125 0.0380859375 0.06591796875
1 0.5703125 0.563232421875 0.022216796875 0.054443359375
5 0.7685546875 0.56298828125 0.040771484375 0.057373046875
9 0.534912109375 0.565673828125 0.042236328125 0.0517578125
1 0.325927734375 0.558349609375 0.025634765625 0.04638671875