31 0.312255859375 0.488525390625 0.046875 0.063232421875
18 0.348876953125 0.4892578125 0.0185546875 0.069091796875
23 0.3876953125 0.49267578125 0.052001953125 0.06494140625
23 0.457275390625 0.489501953125 0.04833984375 0.06982421875
22 0.558837890625 0.4912109375 0.051513671875 0.066650390625
11 0.611083984375 0.490478515625 0.048095703125 0.066650390625
14 0.654541015625 0.488037109375 0.037841796875 0.06689453125
27 0.70068359375 0.490478515625 0.051025390625 0.065185546875
30 0.506103515625 0.490478515625 0.0458984375 0.066650390625
35 0.24365234375 0.559326171875 0.0458984375 0.063232421875
30 0.197509765625 0.559814453125 0.044189453125 0.054931640625
15 0.644775390625 0.561279296875 0.041015625 0.054443359375
27 0.69189453125 0.563232421875 0.0478515625 0.050537109375
9 0.534423828125 0.56494140625 0.044921875 0.054931640625
5 0.766845703125 0.563720703125 0.04052734375 0.053955078125
5 0.404296875 0.56494140625 0.039794921875 0.054931640625
3 0.489990234375 0.562255859375 0.043212890625 0.052734375
3 0.36474609375 0.56396484375 0.039306640625 0.0595703125
13 0.81689453125 0.564208984375 0.053466796875 0.058349609375
1 0.572021484375 0.5654296875 0.021484375 0.0654296875
1 0.734375 0.566162109375 0.028564453125 0.05224609375