30 0.198974609375 0.560302734375 0.044921875 0.061279296875
35 0.24560546875 0.56103515625 0.041259765625 0.05859375
15 0.64501953125 0.563720703125 0.03759765625 0.050048828125
31 0.3134765625 0.489501953125 0.049072265625 0.0595703125
23 0.38671875 0.4921875 0.050048828125 0.06103515625
23 0.45703125 0.488525390625 0.04736328125 0.05615234375
30 0.508544921875 0.4892578125 0.04638671875 0.064697265625
18 0.34912109375 0.48779296875 0.01904296875 0.05517578125
22 0.559326171875 0.4921875 0.054931640625 0.06103515625
11 0.609130859375 0.49169921875 0.043701171875 0.0615234375
14 0.65380859375 0.489990234375 0.038818359375 0.0595703125
27 0.690185546875 0.563232421875 0.0517578125 0.056640625
27 0.70263671875 0.4892578125 0.04931640625 0.065185546875
5 0.766845703125 0.564453125 0.0390625 0.05908203125
3 0.490234375 0.564453125 0.0390625 0.06494140625
3 0.3623046875 0.562744140625 0.04248046875 0.0478515625
9 0.531982421875 0.5634765625 0.0380859375 0.05224609375
0 0.605712890625 0.56591796875 0.04248046875 0.05419921875