28 0.52099609375 0.28369140625 0.013671875 0.040771484375
24 0.536376953125 0.28271484375 0.014892578125 0.040771484375
21 0.552001953125 0.281005859375 0.015625 0.047607421875
24 0.597412109375 0.159912109375 0.014892578125 0.038818359375
29 0.613037109375 0.16064453125 0.0146484375 0.04248046875
20 0.6279296875 0.16064453125 0.01806640625 0.04638671875
28 0.646240234375 0.16162109375 0.01953125 0.04443359375
15 0.583740234375 0.2822265625 0.01904296875 0.037841796875
24 0.60009765625 0.3408203125 0.0146484375 0.0419921875
28 0.58349609375 0.338623046875 0.01416015625 0.046142578125
21 0.613525390625 0.34130859375 0.01416015625 0.04931640625
25 0.142333984375 0.2236328125 0.02197265625 0.0478515625
21 0.12060546875 0.225341796875 0.019287109375 0.042724609375
7 0.123779296875 0.1015625 0.0185546875 0.04296875