15 0.1435546875 0.10400390625 0.01806640625 0.046142578125
16 0.16650390625 0.103271484375 0.01953125 0.046142578125
20 0.629638671875 0.162841796875 0.0166015625 0.043212890625
18 0.5693359375 0.284423828125 0.009765625 0.043212890625
18 0.63037109375 0.343505859375 0.011474609375 0.040283203125
7 0.440673828125 0.278076171875 0.013671875 0.0390625
6 0.408935546875 0.339111328125 0.01318359375 0.03857421875
25 0.142578125 0.221923828125 0.02099609375 0.044189453125
31 0.16650390625 0.162109375 0.0185546875 0.041748046875
15 0.1220703125 0.1611328125 0.01806640625 0.044921875
30 0.2080078125 0.101806640625 0.021240234375 0.047119140625
9 0.3876953125 0.608642578125 0.016357421875 0.05224609375
2 0.657958984375 0.673828125 0.0166015625 0.044189453125
5 0.63671875 0.611328125 0.01806640625 0.04541015625
8 0.363525390625 0.7421875 0.019287109375 0.042236328125
4 0.34326171875 0.805419921875 0.01806640625 0.044921875
1 0.6337890625 0.808837890625 0.015380859375 0.048095703125
3 0.20068359375 0.403076171875 0.019287109375 0.0458984375
8 0.3662109375 0.610107421875 0.01806640625 0.053955078125
8 0.36474609375 0.675048828125 0.018310546875 0.05078125
8 0.363525390625 0.8037109375 0.020263671875 0.047119140625
2 0.463623046875 0.60986328125 0.018310546875 0.0576171875
2 0.635009765625 0.675048828125 0.01953125 0.05078125
1 0.342529296875 0.610595703125 0.01171875 0.05078125
1 0.34228515625 0.738525390625 0.012939453125 0.048583984375
9 0.3876953125 0.74072265625 0.021484375 0.04296875
6 0.463623046875 0.67041015625 0.0166015625 0.051025390625
0 0.67822265625 0.611328125 0.017822265625 0.04541015625
0 0.700927734375 0.611328125 0.02099609375 0.04541015625
0 0.505859375 0.6748046875 0.0244140625 0.04443359375
4 0.485595703125 0.609375 0.02001953125 0.052734375
3 0.463134765625 0.74169921875 0.017822265625 0.04345703125
3 0.65673828125 0.739501953125 0.018798828125 0.05322265625
4 0.635986328125 0.74365234375 0.017822265625 0.046142578125
9 0.6572265625 0.806640625 0.02001953125 0.052734375
5 0.677734375 0.741943359375 0.021484375 0.04833984375
6 0.482421875 0.803466796875 0.02001953125 0.046630859375
7 0.462158203125 0.803955078125 0.01904296875 0.05029296875
0 0.406494140625 0.805908203125 0.020263671875 0.04736328125
4 0.344970703125 0.673095703125 0.019775390625 0.04736328125
7 0.22314453125 0.403564453125 0.0185546875 0.045166015625
8 0.20068359375 0.465576171875 0.01806640625 0.047119140625
3 0.180908203125 0.465087890625 0.0185546875 0.049072265625
8 0.181640625 0.40283203125 0.017822265625 0.053466796875
8 0.142333984375 0.343505859375 0.017822265625 0.0498046875
8 0.121826171875 0.3427734375 0.016845703125 0.05126953125
5 0.1650390625 0.343017578125 0.0205078125 0.046142578125
5 0.143798828125 0.285400390625 0.02197265625 0.04833984375
3 0.12158203125 0.285400390625 0.01904296875 0.047119140625
21 0.12109375 0.22412109375 0.019287109375 0.04833984375
28 0.143798828125 0.164306640625 0.019287109375 0.042236328125
2 0.228759765625 0.1015625 0.02001953125 0.048583984375
5 0.25 0.099609375 0.0205078125 0.051513671875
5 0.389892578125 0.162353515625 0.02734375 0.0439453125
7 0.12353515625 0.10009765625 0.015869140625 0.04833984375
12 0.18701171875 0.102294921875 0.019287109375 0.045654296875
0 0.4892578125 0.3427734375 0.01611328125 0.046875
1 0.52001953125 0.342529296875 0.010009765625 0.04248046875
21 0.55224609375 0.281494140625 0.015380859375 0.044677734375
21 0.614990234375 0.343505859375 0.01708984375 0.037109375
13 0.647216796875 0.344970703125 0.017822265625 0.041259765625
28 0.58251953125 0.342529296875 0.01708984375 0.04248046875
28 0.52099609375 0.28173828125 0.014892578125 0.039794921875
24 0.53857421875 0.283203125 0.017822265625 0.0400390625
24 0.599365234375 0.34228515625 0.015380859375 0.04443359375
2 0.551513671875 0.341552734375 0.0146484375 0.03759765625
5 0.441162109375 0.33984375 0.013427734375 0.041015625
2 0.3935546875 0.28173828125 0.015869140625 0.0341796875
1 0.411376953125 0.280029296875 0.00927734375 0.03955078125
1 0.47216796875 0.34130859375 0.010498046875 0.03271484375
15 0.58154296875 0.1611328125 0.015869140625 0.032958984375
24 0.597412109375 0.1630859375 0.016357421875 0.033935546875
27 0.61279296875 0.16259765625 0.012939453125 0.04150390625
28 0.645263671875 0.16357421875 0.01708984375 0.04052734375
4 0.7041015625 0.10400390625 0.0185546875 0.044921875
7 0.725341796875 0.10205078125 0.0185546875 0.046630859375
7 0.662109375 0.101318359375 0.0185546875 0.043701171875
8 0.682861328125 0.1064453125 0.017578125 0.0439453125
9 0.639892578125 0.1064453125 0.021484375 0.041748046875