15 0.143310546875 0.09912109375 0.0166015625 0.04443359375
16 0.165771484375 0.098876953125 0.018310546875 0.045166015625
12 0.1865234375 0.10107421875 0.017578125 0.048095703125
30 0.207763671875 0.1005859375 0.020263671875 0.040283203125
31 0.16650390625 0.160400390625 0.02001953125 0.045166015625
28 0.145263671875 0.1640625 0.01806640625 0.04541015625
15 0.122802734375 0.159912109375 0.019287109375 0.0458984375
25 0.1435546875 0.222900390625 0.021484375 0.04443359375
21 0.120849609375 0.2265625 0.017578125 0.04345703125
15 0.581787109375 0.15966796875 0.016845703125 0.041015625
24 0.597900390625 0.160400390625 0.015625 0.036865234375
27 0.613037109375 0.161376953125 0.014892578125 0.040283203125
20 0.628662109375 0.15771484375 0.016357421875 0.037109375
28 0.645751953125 0.163330078125 0.01904296875 0.041259765625
13 0.584228515625 0.28369140625 0.01611328125 0.038330078125
13 0.64599609375 0.343017578125 0.01513671875 0.035400390625
18 0.631103515625 0.341064453125 0.008544921875 0.036865234375
18 0.569091796875 0.28369140625 0.0087890625 0.04443359375
21 0.614501953125 0.3447265625 0.01513671875 0.04052734375
21 0.552734375 0.283935546875 0.013671875 0.04296875
24 0.599609375 0.34375 0.01513671875 0.035400390625
24 0.536865234375 0.281494140625 0.015625 0.035400390625
28 0.521240234375 0.281982421875 0.0126953125 0.033935546875
28 0.583984375 0.342529296875 0.010498046875 0.0400390625
7 0.220947265625 0.39990234375 0.0185546875 0.040771484375
9 0.388671875 0.61181640625 0.023193359375 0.052490234375
8 0.3662109375 0.6708984375 0.017822265625 0.044921875
6 0.4638671875 0.669189453125 0.018798828125 0.05029296875
4 0.4873046875 0.6103515625 0.0166015625 0.047607421875
2 0.46337890625 0.609375 0.020751953125 0.047607421875
1 0.635986328125 0.80517578125 0.01806640625 0.04443359375
0 0.55517578125 0.739990234375 0.01708984375 0.048583984375
5 0.163818359375 0.343994140625 0.0205078125 0.0458984375