15 0.144287109375 0.099609375 0.0185546875 0.04150390625
15 0.119384765625 0.159912109375 0.0166015625 0.0478515625
28 0.143798828125 0.16259765625 0.017578125 0.0390625
31 0.1669921875 0.161376953125 0.024658203125 0.044921875
16 0.164794921875 0.101318359375 0.021240234375 0.04296875
12 0.1865234375 0.101806640625 0.020263671875 0.0419921875
30 0.20751953125 0.102294921875 0.018798828125 0.046875
25 0.142333984375 0.223876953125 0.0234375 0.041748046875
21 0.120849609375 0.22509765625 0.019775390625 0.04443359375
28 0.646728515625 0.162841796875 0.017578125 0.035888671875
20 0.62939453125 0.160400390625 0.015380859375 0.038818359375
27 0.61474609375 0.16162109375 0.016357421875 0.03955078125
24 0.59814453125 0.161865234375 0.015869140625 0.037841796875
15 0.580810546875 0.160888671875 0.01708984375 0.039794921875
21 0.55126953125 0.2841796875 0.012451171875 0.040283203125
18 0.5673828125 0.28173828125 0.011962890625 0.041259765625
18 0.630859375 0.34130859375 0.0107421875 0.042236328125
13 0.647705078125 0.34326171875 0.018310546875 0.0439453125
13 0.5849609375 0.2822265625 0.020263671875 0.040283203125
21 0.614990234375 0.341796875 0.015869140625 0.044921875
28 0.522216796875 0.2841796875 0.01318359375 0.038330078125
28 0.5830078125 0.3427734375 0.01416015625 0.04296875
24 0.60009765625 0.34326171875 0.015625 0.036376953125
24 0.537353515625 0.281982421875 0.016357421875 0.03564453125