23 0.311279296875 0.337158203125 0.03515625 0.042236328125
21 0.276123046875 0.334716796875 0.029052734375 0.0498046875
16 0.389404296875 0.340576171875 0.0380859375 0.0546875
15 0.52978515625 0.34423828125 0.03125 0.051513671875
4 0.291748046875 0.461669921875 0.029052734375 0.048583984375
8 0.259033203125 0.520263671875 0.030029296875 0.049560546875
6 0.25390625 0.45947265625 0.03125 0.05712890625
33 0.164794921875 0.327392578125 0.0341796875 0.050537109375
16 0.239501953125 0.673583984375 0.03369140625 0.048828125
23 0.370849609375 0.68115234375 0.036376953125 0.05712890625
21 0.3359375 0.681884765625 0.030029296875 0.051513671875
5 0.587890625 0.74267578125 0.029052734375 0.05517578125
31 0.666015625 0.84765625 0.03173828125 0.048583984375
8 0.270751953125 0.266357421875 0.03466796875 0.05712890625
8 0.64404296875 0.34716796875 0.03515625 0.05322265625
8 0.68359375 0.349609375 0.031982421875 0.053466796875
0 0.460205078125 0.278076171875 0.030517578125 0.056884765625
10 0.45849609375 0.344970703125 0.03369140625 0.060546875
6 0.723388671875 0.3447265625 0.031494140625 0.050048828125
1 0.76123046875 0.350341796875 0.02197265625 0.049560546875
9 0.23193359375 0.265380859375 0.033447265625 0.05517578125
4 0.16259765625 0.260009765625 0.034912109375 0.04736328125
4 0.38818359375 0.272216796875 0.033203125 0.052001953125
12 0.24169921875 0.330810546875 0.037841796875 0.062255859375
22 0.203125 0.3291015625 0.037109375 0.04541015625
13 0.348876953125 0.337890625 0.032958984375 0.056640625
3 0.423828125 0.341552734375 0.03173828125 0.046875
4 0.4951171875 0.34423828125 0.032958984375 0.05908203125
1 0.610107421875 0.34814453125 0.0224609375 0.056884765625
3 0.53564453125 0.2802734375 0.027587890625 0.054931640625
9 0.251708984375 0.39697265625 0.036376953125 0.04931640625
6 0.215576171875 0.39501953125 0.030517578125 0.0556640625
9 0.220458984375 0.458740234375 0.02880859375 0.054931640625
8 0.222900390625 0.516845703125 0.034912109375 0.052490234375
8 0.228515625 0.57470703125 0.023681640625 0.052978515625
5 0.2607421875 0.57763671875 0.031005859375 0.05224609375
0 0.296875 0.58349609375 0.0302734375 0.04736328125
2 0.188720703125 0.459228515625 0.031982421875 0.055419921875
1 0.18310546875 0.3935546875 0.015380859375 0.04931640625
8 0.306884765625 0.732177734375 0.0341796875 0.046142578125
13 0.405517578125 0.6826171875 0.029052734375 0.052001953125
14 0.43701171875 0.683837890625 0.0302734375 0.049560546875
21 0.4716796875 0.692138671875 0.02978515625 0.04931640625
6 0.50732421875 0.68505859375 0.028564453125 0.050048828125
4 0.209228515625 0.72900390625 0.02294921875 0.052978515625
1 0.27587890625 0.7275390625 0.022216796875 0.0400390625
5 0.24853515625 0.82568359375 0.026611328125 0.0478515625
10 0.21630859375 0.827880859375 0.028076171875 0.05419921875
11 0.24560546875 0.783203125 0.03173828125 0.041015625
3 0.281982421875 0.7841796875 0.02294921875 0.0498046875
16 0.24267578125 0.7294921875 0.034423828125 0.045654296875
13 0.203369140625 0.671142578125 0.035888671875 0.060791015625
3 0.272216796875 0.675048828125 0.0234375 0.0517578125
10 0.55419921875 0.7421875 0.03369140625 0.051025390625
15 0.73193359375 0.8544921875 0.04248046875 0.05859375
33 0.603271484375 0.844970703125 0.030029296875 0.048095703125
1 0.572998046875 0.841064453125 0.01953125 0.043701171875
5 0.53759765625 0.842529296875 0.026123046875 0.044921875