32 0.502685546875 0.42041015625 0.032470703125 0.0458984375
33 0.194580078125 0.361328125 0.03271484375 0.050048828125
1 0.436767578125 0.407958984375 0.02001953125 0.052001953125
10 0.467041015625 0.412353515625 0.033935546875 0.048828125
4 0.614013671875 0.44140625 0.031982421875 0.049072265625
4 0.65087890625 0.444091796875 0.03125 0.0498046875
7 0.686279296875 0.451904296875 0.03076171875 0.04931640625
5 0.759765625 0.463134765625 0.02978515625 0.055419921875
8 0.35888671875 0.32763671875 0.02880859375 0.055908203125
12 0.261962890625 0.375732421875 0.02978515625 0.051025390625
21 0.29541015625 0.38232421875 0.031005859375 0.05224609375
13 0.36181640625 0.394775390625 0.03515625 0.056884765625
10 0.3984375 0.40087890625 0.031494140625 0.056884765625
23 0.328125 0.388671875 0.03515625 0.053466796875
3 0.288330078125 0.310791015625 0.02685546875 0.054931640625
9 0.25390625 0.3037109375 0.031494140625 0.05517578125
4 0.189697265625 0.29052734375 0.0263671875 0.051513671875
6 0.240478515625 0.4306640625 0.029052734375 0.046875
3 0.273193359375 0.439697265625 0.026611328125 0.0546875
5 0.281494140625 0.495361328125 0.025390625 0.039794921875
8 0.249755859375 0.48974609375 0.02880859375 0.043701171875
5 0.577392578125 0.36376953125 0.0302734375 0.05712890625
15 0.536865234375 0.426513671875 0.0322265625 0.049072265625
1 0.39404296875 0.331787109375 0.030517578125 0.051025390625