32 0.50390625 0.41748046875 0.030517578125 0.0458984375
15 0.539306640625 0.42578125 0.031494140625 0.049072265625
21 0.29541015625 0.38232421875 0.030029296875 0.053955078125
12 0.26220703125 0.37548828125 0.03271484375 0.04833984375
33 0.195068359375 0.35791015625 0.027099609375 0.050048828125
4 0.6494140625 0.44287109375 0.0283203125 0.050048828125
7 0.68896484375 0.44775390625 0.0283203125 0.04833984375
11 0.359375 0.3251953125 0.032470703125 0.050537109375
23 0.328125 0.3857421875 0.03076171875 0.050537109375
13 0.36181640625 0.39453125 0.032470703125 0.058837890625
1 0.433837890625 0.406982421875 0.02099609375 0.049560546875
10 0.46826171875 0.413330078125 0.0302734375 0.045654296875
5 0.578369140625 0.362548828125 0.035400390625 0.05810546875
9 0.25341796875 0.30419921875 0.029541015625 0.056396484375