11 0.292236328125 0.3955078125 0.020263671875 0.037109375
28 0.3134765625 0.396728515625 0.015869140625 0.03466796875
6 0.46875 0.4853515625 0.01318359375 0.033447265625
0 0.21240234375 0.474853515625 0.014404296875 0.033935546875
9 0.22607421875 0.4755859375 0.013916015625 0.03369140625
3 0.23974609375 0.4755859375 0.014892578125 0.03271484375
3 0.253173828125 0.47705078125 0.0126953125 0.039306640625
9 0.267822265625 0.478515625 0.015625 0.03515625
7 0.349853515625 0.4794921875 0.01904296875 0.034912109375
7 0.41552734375 0.482177734375 0.0126953125 0.035400390625
4 0.428955078125 0.4833984375 0.015625 0.033203125
5 0.401123046875 0.481201171875 0.015625 0.03564453125
6 0.333251953125 0.398193359375 0.017578125 0.03466796875
2 0.388916015625 0.398681640625 0.0166015625 0.03564453125
2 0.58203125 0.44140625 0.01611328125 0.0361328125
2 0.66552734375 0.36279296875 0.017822265625 0.036865234375
9 0.703857421875 0.447021484375 0.017333984375 0.035888671875
7 0.768310546875 0.445556640625 0.015380859375 0.037353515625
6 0.758544921875 0.3642578125 0.017333984375 0.03955078125
3 0.739990234375 0.363525390625 0.01611328125 0.03466796875
1 0.72314453125 0.36328125 0.013427734375 0.0341796875
6 0.6455078125 0.362548828125 0.014404296875 0.03369140625
1 0.317626953125 0.480224609375 0.01611328125 0.03173828125