11 0.292236328125 0.396240234375 0.01904296875 0.0361328125
28 0.3125 0.39599609375 0.0185546875 0.03857421875
1 0.724365234375 0.36279296875 0.010986328125 0.03564453125
0 0.212158203125 0.473388671875 0.0146484375 0.03369140625
2 0.388427734375 0.400390625 0.02001953125 0.0341796875
3 0.7392578125 0.364013671875 0.017822265625 0.035400390625
4 0.428955078125 0.482177734375 0.01220703125 0.03515625
5 0.456298828125 0.4853515625 0.01318359375 0.0341796875
6 0.46923828125 0.48486328125 0.01220703125 0.031982421875
7 0.34912109375 0.479736328125 0.0166015625 0.030517578125
8 0.48193359375 0.48486328125 0.01318359375 0.0361328125
9 0.267333984375 0.4775390625 0.01513671875 0.030517578125
0 0.184814453125 0.4736328125 0.013427734375 0.03857421875
0 0.197998046875 0.471923828125 0.014892578125 0.034912109375
9 0.226318359375 0.4736328125 0.014404296875 0.03857421875
3 0.239990234375 0.474853515625 0.012939453125 0.041015625
3 0.2529296875 0.474853515625 0.01220703125 0.03857421875
6 0.332275390625 0.396728515625 0.0185546875 0.042236328125
1 0.31494140625 0.4775390625 0.012939453125 0.03662109375
1 0.331298828125 0.477294921875 0.01123046875 0.03369140625
7 0.4140625 0.48193359375 0.013916015625 0.04052734375
5 0.39990234375 0.479736328125 0.0146484375 0.0361328125
0 0.442626953125 0.482177734375 0.015625 0.0341796875
6 0.644775390625 0.361328125 0.01904296875 0.04296875
6 0.758056640625 0.3623046875 0.0185546875 0.037841796875
7 0.767822265625 0.44580078125 0.0166015625 0.035400390625
9 0.702880859375 0.44482421875 0.017578125 0.035888671875
2 0.670166015625 0.44482421875 0.0234375 0.033447265625
2 0.582275390625 0.443115234375 0.021484375 0.036865234375
2 0.6640625 0.35986328125 0.020263671875 0.037353515625
1 0.614013671875 0.443359375 0.01171875 0.037353515625
0 0.747802734375 0.447021484375 0.019287109375 0.0400390625
0 0.3525390625 0.39892578125 0.02001953125 0.036865234375