32 0.6484375 0.3466796875 0.02880859375 0.047607421875
25 0.58740234375 0.3447265625 0.0234375 0.051513671875
6 0.744384765625 0.344970703125 0.026123046875 0.05322265625
13 0.406494140625 0.25634765625 0.02734375 0.051513671875
9 0.3779296875 0.252197265625 0.027587890625 0.05078125
29 0.40673828125 0.33544921875 0.023193359375 0.05029296875
10 0.375 0.338623046875 0.026611328125 0.041748046875
32 0.648681640625 0.345458984375 0.02685546875 0.0478515625
13 0.554931640625 0.341796875 0.024169921875 0.0478515625
3 0.8408203125 0.349365234375 0.02880859375 0.049072265625
0 0.4365234375 0.338134765625 0.026123046875 0.0419921875
1 0.712158203125 0.344482421875 0.01806640625 0.045654296875